	175	133	43	180	232	233	61	178	229	103	137	163	164	165	169.1	170	170.7	171.7	172	174.1	194.3	195.3	208	220	231	36	375	376	380	385	389	409	44	45.1	56	63	64	202	211	62	156	172.1	179	180.1	181.1	205	207	216	221	26	27	364	366	382	39	392	394	408	52	66	173	134	171	188	228	386.3	365	406	234	86.2	60	55	161	162	226	34	235	58	74	57	176	388	407	51	88.2	206	230	210	155	185	217	29	37	38	381	393	59	395	387.3	383	138	181	76	167	209	30	33	65	236	117	237	168.1	367	384
175	0.0	0.582362823858	0.597397583961	0.573258755007	0.528117772152	0.577785663772	0.552951703296	0.581300923459	0.6026893492	0.557507236458	0.64081313018	0.593033940476	0.526269679519	0.569128427781	0.558281801149	0.576199155182	0.500987963968	0.577551688275	0.58539674996	0.546090223706	0.663422180606	0.508240641767	0.562100758307	0.520115262125	0.525695912065	0.559082500634	0.571349353455	0.580471462162	0.584840046164	0.66812845161	0.59067371577	0.584087065114	0.628218437348	0.554764375181	0.583156233505	0.64801337823	0.522453554443	0.554095494024	0.378287774006	0.538215121761	0.5322517394	0.606842686381	0.580115166283	0.559864357763	0.587399260725	0.575565616635	0.621268247869	0.485510146318	0.577001852438	0.550081594802	0.454932980294	0.600939757211	0.607751366762	0.58117984894	0.61136604596	0.631943622035	0.571796477787	0.59945617559	0.568667361002	0.570039865774	0.527241871587	0.554330908716	0.566417835546	0.616538681648	0.45002132999	0.591198267018	0.592543130479	0.650004619703	0.649219749602	0.562864895267	0.668752523661	0.542853203732	0.577784577502	0.600483265826	0.566917106897	0.589719696052	0.537354278033	0.545363282727	0.55630346442	0.616620185178	0.575604077305	0.650525138289	0.627688064883	0.589313281864	0.616226978626	0.617019536265	0.594717112434	0.495313458524	0.567519524496	0.603295251558	0.589557622282	0.569512437189	0.598674792845	0.476105036686	0.659594912429	0.585859151681	0.686841437471	0.626328555481	0.530471227658	0.607223285814	0.190128854586	0.534097077061	0.552937951167	0.241831840436	0.523091931471	0.561171337325	0.553233148059	0.165885537969	0.198310240186	0.64363837643	0.449814672821	0.586891933942	0.618086631151	0.276249090533
133	0.582362823858	0.0	0.255685671943	0.199367018616	0.304194878681	0.219266870784	0.236709434785	0.176819306604	0.233353491009	0.175945942866	0.331046321882	0.178469024579	0.276942189956	0.195337779909	0.348565504948	0.249300793031	0.25408474706	0.26488154008	0.223999095596	0.236546342438	0.2804153613	0.442058341939	0.178797673807	0.353963923134	0.515875364949	0.192548718621	0.227786280876	0.21222494556	0.182800689214	0.391561562736	0.28555532519	0.234678994391	0.21546220993	0.21937616682	0.216433581224	0.261005630163	0.341672658141	0.204632286112	0.607981954458	0.44525149532	0.210959012173	0.174859496334	0.245841696149	0.147586869485	0.237027730067	0.143386046443	0.313807842596	0.36794210199	0.183778337462	0.170439659203	0.233433915136	0.276261729444	0.253120350569	0.288686870261	0.220057546025	0.332739269234	0.10365893284	0.29868057488	0.170737770127	0.157494793382	0.731331228076	0.191995570417	0.316384995766	0.201566659605	0.218262417847	0.325549382782	0.222634441759	0.311487932958	0.354182217047	0.252246593106	0.434551127902	0.299634160225	0.27604413375	0.223484503242	0.265450874759	0.204764037396	0.286471387985	0.190312465658	0.21315859443	0.307127051171	0.200176237128	0.37219087324	0.274727196582	0.138205862543	0.239271230489	0.363267308807	0.237269285973	0.422611575122	0.159989613242	0.263540466621	0.20079668332	0.186168131033	0.229669371153	0.257481313803	0.290904356594	0.229651050657	0.389003685399	0.253356158724	0.281416585629	0.34833629034	0.480571448361	0.312697846154	0.245603595913	0.473592045345	0.172983982044	0.200603494953	0.194360677997	0.587107650186	0.471176712953	0.343469346482	0.367691254504	0.610983450654	0.682227677055	0.551232546419
43	0.597397583961	0.255685671943	0.0	0.326002566038	0.47314295915	0.339326785478	0.321330133594	0.213839216917	0.124731000246	0.253961277127	0.349832622139	0.162446204429	0.331880342233	0.162870997203	0.427094291557	0.368800501992	0.157687135223	0.14278634679	0.12485705938	0.279533060611	0.280669462604	0.520819233608	0.254531409638	0.505739933644	0.576652344499	0.332028635433	0.126387988702	0.159642264364	0.260101474264	0.307661903067	0.112833001074	0.157390919234	0.251261213824	0.342472173798	0.124690795519	0.282408573434	0.498087191713	0.192055258078	0.61382433511	0.465144679335	0.271315642205	0.165111738047	0.105946570306	0.251040704902	0.154128264646	0.215811142995	0.160571703853	0.463550927407	0.161242382566	0.239684519617	0.317258069812	0.127017773046	0.224388775414	0.112027365755	0.278819638411	0.351943554462	0.226042618348	0.140814245137	0.241537775504	0.193055812816	0.738211115922	0.240169357177	0.32212007835	0.147510283338	0.254357933155	0.331507319257	0.110623838497	0.215385242596	0.314307712694	0.276564506377	0.282451585209	0.460228854893	0.158635434895	0.0955905231128	0.175853202602	0.192768848729	0.170835112878	0.191815376257	0.175626261687	0.139825584967	0.135561506002	0.24372179081	0.116811926877	0.232153763222	0.1276867572	0.186684342751	0.248430982004	0.439064453118	0.291200486066	0.117429498365	0.299763693496	0.328180931285	0.179046119287	0.196283482557	0.286787413427	0.161356409638	0.295059838219	0.16768972554	0.358221443242	0.264188055176	0.504661491951	0.479953894325	0.226837635798	0.494310277028	0.246562021294	0.31300223303	0.310511971395	0.606769224062	0.481600748046	0.201642458333	0.221194743942	0.633328994108	0.723032004733	0.589907692238
180	0.573258755007	0.199367018616	0.326002566038	0.0	0.269261081016	0.224127508978	0.172361389154	0.231254301601	0.31569302384	0.218956557572	0.379460344542	0.253465221067	0.300322835548	0.253990092739	0.329241574904	0.191960108762	0.346899125609	0.341056372367	0.299681590988	0.255106337245	0.342909979491	0.428744891085	0.218979571276	0.341661895447	0.493151971574	0.190312435537	0.290706941468	0.254447290572	0.190071000126	0.432152794098	0.346935634977	0.302454214458	0.247936525346	0.215147061915	0.296171284822	0.32806333157	0.322089864866	0.252597207564	0.606551588221	0.435570663827	0.260199271983	0.255391839741	0.331678128699	0.189172215065	0.298986649003	0.220156110213	0.380824019052	0.349126888152	0.250922564657	0.240855736821	0.263835085075	0.316246711513	0.296556637014	0.350260696076	0.226200946583	0.366031916511	0.206588461581	0.379054287812	0.229817492753	0.241904452547	0.720126640022	0.205614750303	0.297682198804	0.242392973251	0.259608667655	0.370048066365	0.276221848292	0.384737271624	0.399281847803	0.266406265401	0.480408887159	0.261057624538	0.341033123649	0.284617595191	0.349361153167	0.299969254699	0.370823330495	0.251036652621	0.259208507628	0.376126030421	0.314997898165	0.413185611755	0.300067780108	0.213407580438	0.314340203226	0.410647461512	0.313551806802	0.433055244053	0.197240019506	0.302976978535	0.196285886839	0.173957694783	0.299707965518	0.332177586859	0.343618976453	0.281901813645	0.431787816085	0.281646264108	0.28693531183	0.43155397186	0.481544298196	0.28516259625	0.30547844512	0.458683693871	0.258903294947	0.182550497178	0.224412131112	0.572724138972	0.453313282283	0.424343505264	0.444591328697	0.611040381178	0.655758116633	0.545385992056
232	0.528117772152	0.304194878681	0.47314295915	0.269261081016	0.0	0.305741518126	0.297468411312	0.378361013689	0.468693165947	0.302194833841	0.474357505335	0.384443834652	0.356871792031	0.38153373052	0.329450872035	0.340423019956	0.475280905821	0.482413068832	0.410890595235	0.381635489861	0.449364017677	0.347745894513	0.329514697359	0.204594782063	0.392534654631	0.27615242198	0.418622320059	0.402765474991	0.361775486014	0.549708536828	0.483186022301	0.41110858261	0.396201259495	0.285740357764	0.423822754336	0.427718407167	0.19546292823	0.370675023309	0.555689403957	0.46631554019	0.364824840121	0.381661445316	0.448512336728	0.305497680601	0.444570858235	0.31745390208	0.503330309161	0.250329668748	0.372425695293	0.343220691718	0.354612800138	0.465741710175	0.446702604621	0.486864503613	0.414018558294	0.508778651157	0.310120990002	0.486812798908	0.338977397787	0.375324857434	0.669298459729	0.329920552596	0.478244918698	0.395213144182	0.370377078145	0.475884776106	0.414334018133	0.495210929828	0.52377812388	0.373285956636	0.59703902629	0.190303755167	0.49648815461	0.431350472109	0.460930568548	0.410302444942	0.488585583582	0.386039849653	0.397809102634	0.506872398803	0.437998260559	0.541212409893	0.474049330301	0.317915924722	0.421326392713	0.586638935708	0.42459133891	0.471794022886	0.282991246091	0.44667672135	0.305718304805	0.246234612722	0.455876601497	0.44887921164	0.462069705447	0.418538383328	0.538681387041	0.471207973982	0.34158165286	0.539791025613	0.469043267884	0.21825991135	0.412242138575	0.505778420897	0.36736460147	0.255534843454	0.295277851365	0.526399807282	0.485812758223	0.525572538023	0.572422123876	0.627114702183	0.604785548238	0.479908871917
233	0.577785663772	0.219266870784	0.339326785478	0.224127508978	0.305741518126	0.0	0.218346674629	0.230713502831	0.315653166107	0.21520675362	0.304256075435	0.283166222891	0.306219627217	0.254747513745	0.315046993711	0.267021303408	0.338669512868	0.343838094629	0.293215798852	0.255242831907	0.345111749595	0.435273969279	0.227865606922	0.396511120393	0.431290065102	0.153284569165	0.300166924124	0.282465175257	0.25463089353	0.439123809281	0.343409629439	0.305280357765	0.291673914326	0.270747360636	0.296230120334	0.323903785238	0.381348600146	0.258022968181	0.603986618323	0.450062083463	0.247919719064	0.274322687589	0.316719183579	0.217634104712	0.289070442671	0.250671185342	0.37678829266	0.356998734113	0.255036645277	0.243875981321	0.297743441116	0.326494451138	0.299893349622	0.354024891779	0.287647085561	0.367861894714	0.219932694117	0.368553333974	0.26473694493	0.253705988753	0.720118851822	0.195517325289	0.285158000054	0.309828561302	0.273903534985	0.291713490261	0.278661200531	0.365485830448	0.39506400774	0.262001485167	0.474268575799	0.346563789489	0.368251949155	0.299240283994	0.347132533959	0.277014103707	0.365094108308	0.249540659552	0.285508088317	0.396463535375	0.280053710009	0.371915139648	0.349629778012	0.26706327626	0.3098865675	0.440240471077	0.295510095338	0.431356481444	0.249375958362	0.320719113891	0.271474215094	0.215866458377	0.311979956421	0.333404217936	0.363583901956	0.286014795006	0.417034074994	0.326834892868	0.281980756988	0.418693646216	0.481027079591	0.367474981105	0.284577382692	0.465723996161	0.247554647722	0.21279520302	0.254988187759	0.580437636519	0.466408233708	0.425439405055	0.448790826346	0.61485836067	0.679754157747	0.547792894034
61	0.552951703296	0.236709434785	0.321330133594	0.172361389154	0.297468411312	0.218346674629	0.0	0.235178471378	0.314724180477	0.175652900904	0.380507585814	0.260708854838	0.255023971879	0.242988516786	0.304963517903	0.258050155727	0.341666777888	0.316956141393	0.28984599195	0.252202952537	0.356660724278	0.401267263013	0.163570605055	0.353970814087	0.461868131775	0.195354260979	0.30132649685	0.253080793651	0.225355945265	0.42606493696	0.329698738174	0.284336011629	0.272592481009	0.190387798618	0.28882521496	0.346824541325	0.32008977786	0.239643860415	0.576685226363	0.418238850319	0.193398609655	0.278070190374	0.308143274095	0.190315358939	0.289274641369	0.232829237403	0.368962450178	0.305161763911	0.251759223109	0.21304158544	0.278308386756	0.30639276769	0.297319440514	0.332904357018	0.261458197144	0.356570463565	0.210641517359	0.357460334382	0.254663554254	0.263797666327	0.694928828408	0.169108043853	0.315752229652	0.266096963798	0.263597843536	0.377526695711	0.279950487012	0.386259106122	0.374438657954	0.241579520478	0.459199883162	0.298055395876	0.335666364704	0.288378996431	0.327574272421	0.295791302375	0.340772228938	0.24724227232	0.273128005973	0.387653287586	0.304408269782	0.408034314936	0.315691883433	0.26476076487	0.318323690799	0.400442683886	0.288482194085	0.408133364706	0.213088671834	0.302522736565	0.224323585141	0.182291296108	0.308951706363	0.332964484684	0.376305926745	0.28622601124	0.4146106322	0.293661011142	0.193117014978	0.412523151382	0.467674717272	0.324869963612	0.256078436999	0.44278043917	0.244088592287	0.152327569739	0.200296881235	0.558229305342	0.440194365332	0.41584558947	0.425997313623	0.600007638547	0.65292784888	0.521585571711
178	0.581300923459	0.176819306604	0.213839216917	0.231254301601	0.378361013689	0.230713502831	0.235178471378	0.0	0.214831596372	0.202751965589	0.311504184239	0.187784760572	0.29413124827	0.169301860003	0.365053663817	0.314907818008	0.224246380689	0.232566163995	0.200401024713	0.24001327224	0.283179070647	0.471276666799	0.212206956366	0.435268441058	0.544595001973	0.238935911782	0.208007858725	0.193630861681	0.198892563743	0.363933420421	0.247409392355	0.217943145765	0.201923847252	0.285136069587	0.195643923076	0.262472348701	0.416854162579	0.157019175083	0.591555327206	0.443770153486	0.220996739637	0.184418031107	0.22033634503	0.185017906785	0.199367909818	0.186976642845	0.294104736648	0.387718836782	0.170045397463	0.174240148088	0.276084429955	0.231520827376	0.218827697579	0.265683033479	0.219119048504	0.229763404607	0.175735240013	0.277122982279	0.183281854444	0.166765389749	0.714975020647	0.151645237488	0.284050294284	0.200088072691	0.223986313829	0.303684203442	0.204061829167	0.298379531507	0.323040607647	0.169122130475	0.382555317278	0.383406215566	0.230964956403	0.211655805042	0.258084218034	0.19572415632	0.26323778613	0.157224672062	0.191357494554	0.291515440992	0.194773621548	0.323410307054	0.221591810378	0.20752852863	0.213694765083	0.300880132361	0.225262365038	0.417667633787	0.220504525125	0.226936081493	0.253156571409	0.208872714166	0.207811016247	0.223009686956	0.291542399558	0.153715479749	0.343314054681	0.206535376727	0.312663398951	0.272563916271	0.464868997133	0.406844288237	0.212889485426	0.453341240889	0.185381646595	0.227693160539	0.26807649663	0.579714452138	0.459421820695	0.3371660009	0.351763691322	0.597872871686	0.696497415857	0.550380792042
229	0.6026893492	0.233353491009	0.124731000246	0.31569302384	0.468693165947	0.315653166107	0.314724180477	0.214831596372	0.0	0.286718692763	0.35018316482	0.179887883492	0.330766140024	0.200636650595	0.457539405158	0.341569298408	0.176056157935	0.134061646273	0.160186782587	0.293887511509	0.279878892439	0.512199665537	0.285717924411	0.517783360315	0.576713535234	0.310908111006	0.16040743235	0.176534702335	0.232519182367	0.346708685255	0.168468488342	0.184296970157	0.27833453466	0.369563196902	0.1871488125	0.29287497979	0.51876379466	0.235036034003	0.627440207281	0.441692240834	0.270788211459	0.171122489941	0.159381243873	0.27697235469	0.141114077187	0.26655127439	0.196656247682	0.479034008849	0.200752727695	0.24976364318	0.345130606201	0.141145942386	0.223288748251	0.177171088306	0.255647087779	0.325701722538	0.239446758701	0.183937337086	0.242132914981	0.206528109324	0.747695724237	0.258123150483	0.321216665153	0.157420185294	0.264429984799	0.315995147567	0.170547657659	0.248140482298	0.326917346651	0.306094565628	0.30823460494	0.461523730193	0.164794027911	0.161045722716	0.226172036467	0.166266920391	0.213476208121	0.197372988807	0.209537609701	0.211461065744	0.134323341997	0.241005021005	0.165302635376	0.270644551851	0.168865716905	0.196910766732	0.26210754651	0.442534204683	0.317110560909	0.161322952572	0.325166728935	0.342501801964	0.170915399858	0.202257019413	0.317953579116	0.201920238348	0.315601592473	0.165166402304	0.386860273229	0.269699115421	0.495757864188	0.48858689073	0.24293975615	0.481664348301	0.257353387683	0.335093753534	0.35335594371	0.608004568002	0.480916941631	0.248620970314	0.252369289129	0.632684122046	0.721503862608	0.595344718723
103	0.557507236458	0.175945942866	0.253961277127	0.218956557572	0.302194833841	0.21520675362	0.175652900904	0.202751965589	0.286718692763	0.0	0.343492904237	0.20798092054	0.256936311929	0.161442743658	0.292192660519	0.29059159964	0.264089591002	0.276186830838	0.195521376986	0.235317674759	0.301609197277	0.433606792135	0.0746656979244	0.346694945869	0.495498601888	0.20662530525	0.203451283842	0.211801868133	0.244508680664	0.377317063827	0.251111722786	0.193635818979	0.236088489631	0.183391198381	0.190329798742	0.276975015617	0.291722239566	0.17050819927	0.585131602057	0.442024481288	0.157793245513	0.19692945674	0.22234620566	0.125780357482	0.257835322065	0.123596271002	0.308336624195	0.306759561429	0.141964937378	0.177267493956	0.241259246146	0.270878365451	0.266375257238	0.268394619765	0.274727114258	0.369891953955	0.138351929246	0.294326800509	0.205318657692	0.183811516813	0.707741113907	0.121736668474	0.328295961478	0.222654990457	0.186399249339	0.346205664586	0.191591849111	0.306769582392	0.340420929935	0.215523264358	0.410953510825	0.291615387027	0.267023272674	0.208763953585	0.23351414758	0.237489992352	0.262937266647	0.187885610381	0.212090698862	0.2944020788	0.240054184109	0.383667698256	0.270329163088	0.167602753376	0.229882775011	0.352583497268	0.224591295852	0.405123770086	0.132871884925	0.235798167535	0.202438163657	0.180287797923	0.269002082596	0.26268053337	0.297107338038	0.227009765221	0.370019970126	0.26351003105	0.186809451328	0.350827194662	0.465603623419	0.319755345436	0.203857072911	0.466107888546	0.148457103162	0.138389219394	0.157902203176	0.564555143241	0.436860646782	0.317729521735	0.360092390965	0.591193605666	0.660459636551	0.520688649888
137	0.64081313018	0.331046321882	0.349832622139	0.379460344542	0.474357505335	0.304256075435	0.380507585814	0.311504184239	0.35018316482	0.343492904237	0.0	0.311298255368	0.416347769367	0.289016081087	0.321442196905	0.425473438769	0.343443887526	0.34167704442	0.297975216724	0.386034429149	0.166163495443	0.526233277618	0.330333540283	0.519654767018	0.509368039665	0.335491592702	0.293332421008	0.290496007935	0.334048217185	0.203815919807	0.336355636083	0.299147402364	0.219260975118	0.415670525151	0.322120145236	0.149886389454	0.532037210993	0.280450004147	0.673669164746	0.534614453536	0.348457895237	0.332213862008	0.329764784578	0.316144189609	0.317095791054	0.299958801171	0.347346109303	0.485183332741	0.29252366346	0.29088365324	0.393229854135	0.327543192335	0.240045934776	0.333834371266	0.404344438177	0.412403309206	0.309541805528	0.344160504504	0.301243009164	0.314235654076	0.787153030884	0.334716099545	0.341641881669	0.342131072244	0.368122434769	0.228546256452	0.303550325351	0.179666561149	0.17863214922	0.353088349369	0.250826353667	0.480224164329	0.376031403165	0.331449140841	0.326887944862	0.323530253101	0.334656966806	0.295274824939	0.284713274261	0.390488803748	0.313222581055	0.262721879107	0.35286663839	0.314825299432	0.322899219366	0.443882249381	0.232107424219	0.514237474877	0.346757501425	0.318942467933	0.395654275005	0.389722932589	0.343031723483	0.315688723675	0.186518188261	0.299641822256	0.2112016627	0.349989662956	0.406094657377	0.384849938262	0.551389926426	0.508956400566	0.287527948208	0.551266787396	0.314077786686	0.3798561864	0.399518973312	0.641431947732	0.526435284449	0.394683756441	0.412757211001	0.666772816577	0.73890659835	0.614922172638
163	0.593033940476	0.178469024579	0.162446204429	0.253465221067	0.384443834652	0.283166222891	0.260708854838	0.187784760572	0.179887883492	0.20798092054	0.311298255368	0.0	0.269212119996	0.132047028197	0.399575993129	0.293441647647	0.182475437556	0.17242319896	0.179808207271	0.238590817208	0.259005045876	0.456619291327	0.199886227136	0.449679285804	0.540768994878	0.259437173656	0.185702925166	0.1378973628	0.200807013568	0.349387465824	0.215571747565	0.2023164919	0.208961757178	0.302644900546	0.149200896213	0.253867781874	0.441497267924	0.178413263723	0.615721819641	0.42800153195	0.236750503704	0.157508058604	0.162432609272	0.199209534961	0.206300489987	0.172525275908	0.241541665085	0.427170128002	0.153808768619	0.194705010113	0.272524171512	0.209747598134	0.195227663982	0.222192760896	0.230818017137	0.327551819573	0.151128950148	0.240354677939	0.18266826309	0.135475585901	0.736695428629	0.226694480927	0.308594828911	0.150779885417	0.204426566655	0.299670361294	0.155350199937	0.276014878477	0.31166718303	0.269922924805	0.380942667738	0.386352566198	0.171400135005	0.164969158045	0.218329603756	0.159857545056	0.225172842044	0.13996928237	0.153760186394	0.240107861893	0.196682072854	0.332861357997	0.216846920966	0.172544417614	0.183033640309	0.290993338377	0.216634167445	0.429331670533	0.238785185683	0.207534395045	0.270202953705	0.269957221763	0.159324779065	0.184018005829	0.284729509074	0.185526963406	0.351178624207	0.205020944916	0.335867739532	0.288398026804	0.492200952164	0.405773007143	0.194244543835	0.488119996662	0.202500837595	0.263838191142	0.265849731325	0.597911581158	0.474147776944	0.309217903832	0.308756898844	0.628281708907	0.710217008563	0.581989766375
164	0.526269679519	0.276942189956	0.331880342233	0.300322835548	0.356871792031	0.306219627217	0.255023971879	0.29413124827	0.330766140024	0.256936311929	0.416347769367	0.269212119996	0.0	0.291134279502	0.307143035082	0.30669173721	0.336897382127	0.301381598958	0.322570342035	0.241420746664	0.395411689841	0.340679276023	0.279191614138	0.397056681985	0.449381160922	0.278495945725	0.322363495671	0.307409607568	0.295138713238	0.427135662789	0.374558413091	0.33034245739	0.340263285773	0.279091049996	0.311709210545	0.374783097372	0.387702389255	0.26434300794	0.51917739609	0.381791831939	0.216397007178	0.335695376952	0.318789387472	0.263844087688	0.347739484687	0.300084617194	0.420407531327	0.336710195921	0.295215940972	0.26096806679	0.266343703351	0.37599034463	0.306263958989	0.358032098114	0.295754827168	0.388410838816	0.261721830756	0.379807124724	0.299798799815	0.239893306933	0.653520821196	0.279514471622	0.331117013861	0.354464272957	0.232526820878	0.395846890665	0.31068311046	0.415539881201	0.421061886433	0.279586804962	0.467184435439	0.339906894746	0.31763307102	0.350052762886	0.317619117285	0.265454282654	0.329040817372	0.294497247816	0.30634265026	0.414804220772	0.322374446871	0.452048374864	0.39646730515	0.302566858842	0.356027260137	0.424347906505	0.321235401874	0.363190232506	0.279330228227	0.369187183833	0.320506419207	0.289750050799	0.325939649863	0.287271634287	0.420325505332	0.316349242918	0.451829541	0.375495601877	0.269377350644	0.382961003901	0.423446705714	0.363490911174	0.279609810281	0.430136534566	0.28408044764	0.279286274083	0.253867450076	0.525440759961	0.41116906371	0.429054404652	0.40133044667	0.583107631561	0.665426821661	0.488977159713
165	0.569128427781	0.195337779909	0.162870997203	0.253990092739	0.38153373052	0.254747513745	0.242988516786	0.169301860003	0.200636650595	0.161442743658	0.289016081087	0.132047028197	0.291134279502	0.0	0.349439884181	0.309052893106	0.168533263601	0.187165539246	0.123992655344	0.247697700087	0.228429951543	0.448303379405	0.154567803588	0.41058548638	0.518387719807	0.251889915143	0.125974264557	0.12089363467	0.213723609471	0.301147342872	0.1657091664	0.128033933805	0.209185773911	0.252176139315	0.109199161514	0.220849844982	0.386743446584	0.121472108968	0.592556672764	0.45455919629	0.219159456306	0.13697602271	0.134466282451	0.159094411024	0.172601700812	0.132045654558	0.218909856522	0.378150670519	0.09261312613	0.160863531692	0.261084830421	0.178147345568	0.203731326805	0.175524083792	0.265117044343	0.322812580219	0.151471414735	0.202236995658	0.155599394403	0.160293002655	0.705721734086	0.180240721227	0.326343324994	0.141046866702	0.217279792438	0.291269813536	0.105905564383	0.239571022672	0.252948755953	0.250578970812	0.3360704448	0.360241572739	0.18799746219	0.120830640348	0.165256113188	0.185461194698	0.188406610152	0.113009919804	0.129685823526	0.198878579523	0.171678230863	0.302465137694	0.173500984873	0.156482307919	0.149140156164	0.279787612849	0.158466928428	0.416382763017	0.205572846196	0.149064591783	0.251488327275	0.239104042251	0.189348913108	0.188853199851	0.241906199237	0.134227007333	0.290337100398	0.188095731621	0.275617836192	0.268135066	0.474548002123	0.372532574137	0.150764732003	0.476689742704	0.149096664326	0.22278596901	0.223046527547	0.564162460907	0.44484191225	0.245249061848	0.265773495795	0.597515609597	0.680194691048	0.536799362876
169.1	0.558281801149	0.348565504948	0.427094291557	0.329241574904	0.329450872035	0.315046993711	0.304963517903	0.365053663817	0.457539405158	0.292192660519	0.321442196905	0.399575993129	0.307143035082	0.349439884181	0.0	0.345451769924	0.427696631063	0.449499504101	0.387877475058	0.328482507022	0.326847607669	0.378204614026	0.291506529762	0.335297699458	0.436159900711	0.277750027331	0.378419336567	0.381919067215	0.362578944919	0.325856559972	0.441860588604	0.383728022407	0.283426431151	0.282461323593	0.389178119879	0.30824899895	0.361943291892	0.295431964534	0.570440428286	0.482733575467	0.315123776617	0.409759671205	0.392760359158	0.302871174712	0.423960259698	0.316730755661	0.470837414638	0.334983259396	0.343716544938	0.322597247088	0.329309921272	0.424622373006	0.324660390908	0.427021266854	0.395851491758	0.483696612568	0.318173374219	0.431555880745	0.366988170379	0.358120141334	0.693144333641	0.306642426028	0.383234846257	0.424523057574	0.357551056109	0.393000012442	0.381208436067	0.327545649201	0.325432291239	0.329562781239	0.42597423837	0.327532025173	0.437093874535	0.40813002658	0.390524943725	0.381092571348	0.417722673052	0.375708123971	0.352158620122	0.474695143993	0.382574379136	0.395477891116	0.446692358806	0.366229780225	0.408727249563	0.530923657157	0.258538513096	0.425063859732	0.314522143944	0.422584263207	0.346348761749	0.314432246689	0.428706117202	0.385331265166	0.32957041576	0.371294065388	0.383620625495	0.44599711492	0.251185402333	0.485604986167	0.481737778508	0.335550841508	0.350378935007	0.481936304293	0.301867503802	0.288647724128	0.274087539961	0.558397725237	0.457371179829	0.472699299221	0.489887807602	0.624042216958	0.654269161768	0.515473624463
170	0.576199155182	0.249300793031	0.368800501992	0.191960108762	0.340423019956	0.267021303408	0.258050155727	0.314907818008	0.341569298408	0.29059159964	0.425473438769	0.293441647647	0.30669173721	0.309052893106	0.345451769924	0.0	0.377622803051	0.377800620259	0.367816791639	0.190417286805	0.381214302928	0.409106463164	0.277928267535	0.40472213235	0.463372080501	0.219387147179	0.352827093565	0.289585959774	0.216143811803	0.43438581454	0.401913028559	0.366541188724	0.31543865366	0.250343026949	0.349652424745	0.377327234431	0.388066988205	0.303972807144	0.586182277598	0.465973796777	0.295861749563	0.3031148467	0.358044247224	0.256100846877	0.343847619389	0.293813761652	0.428315632442	0.41213486304	0.317177034419	0.299619449123	0.274832540446	0.365322696855	0.354744138382	0.394009092028	0.25423452575	0.425279602148	0.250394156354	0.37466142182	0.29082932702	0.296919016084	0.694557281125	0.285041670083	0.260469505816	0.317955733978	0.288527514213	0.3955875517	0.32292793066	0.426093910019	0.445651526797	0.327609869706	0.496234813436	0.308828139768	0.381705287201	0.333152549351	0.401267014231	0.297907676462	0.402918046794	0.303606178043	0.317080986412	0.416090219516	0.32998717143	0.444849939174	0.387628634569	0.283743009944	0.362422564963	0.473570085163	0.363530668932	0.442974093315	0.299421811884	0.377661509452	0.262481677921	0.257129191045	0.340399259092	0.354146608369	0.405064433798	0.33562059592	0.485905045192	0.354398532729	0.287335615865	0.477131925049	0.489652062243	0.33272615489	0.349536078158	0.472260877311	0.305201015346	0.255618898257	0.227878974166	0.582418347767	0.463903684096	0.479402995349	0.459174508935	0.622831689012	0.671105818485	0.569672402245
170.7	0.500987963968	0.25408474706	0.157687135223	0.346899125609	0.475280905821	0.338669512868	0.341666777888	0.224246380689	0.176056157935	0.264089591002	0.343443887526	0.182475437556	0.336897382127	0.168533263601	0.427696631063	0.377622803051	0.0	0.15132483937	0.178997245978	0.274855543539	0.278927557697	0.479576462266	0.269103263059	0.495577276481	0.57137008672	0.332510576027	0.171294123868	0.185333688732	0.282383208702	0.332674266108	0.181922605447	0.198894166203	0.282093804253	0.35536531034	0.153691474105	0.28919970611	0.502984842089	0.205875893719	0.531537722657	0.452200181281	0.290636000328	0.178273475229	0.15856184987	0.26912138186	0.192962640666	0.228781077859	0.218830131589	0.447120199181	0.177548821854	0.24630596961	0.251028459996	0.20115687684	0.251578918386	0.193958610348	0.313973814982	0.331453091784	0.233433666287	0.202837050725	0.225442885828	0.212266813049	0.661638880755	0.272250593725	0.321085673315	0.189972969171	0.178078154314	0.308056980512	0.177576694499	0.253599156948	0.296688377144	0.30778692249	0.337664452753	0.454550771944	0.151695907723	0.172107612182	0.193175643626	0.201192002757	0.160780997414	0.161776202357	0.176579456978	0.196558498854	0.163952014089	0.294663189984	0.209693872117	0.235022825095	0.183971235019	0.221273579349	0.241194544864	0.408867180329	0.299566237766	0.201018332982	0.326550228734	0.347037860689	0.198437444854	0.123856735029	0.302456423876	0.199304831817	0.346301163043	0.207861725349	0.361782336717	0.235932865258	0.390403497549	0.470459462227	0.210623882483	0.395067349676	0.195147340623	0.339062608705	0.323970947025	0.50049583446	0.374106273601	0.265623205957	0.181685104486	0.593824111898	0.701486455826	0.494257194769
171.7	0.577551688275	0.26488154008	0.14278634679	0.341056372367	0.482413068832	0.343838094629	0.316956141393	0.232566163995	0.134061646273	0.276186830838	0.34167704442	0.17242319896	0.301381598958	0.187165539246	0.449499504101	0.377800620259	0.15132483937	0.0	0.159562029894	0.286979558171	0.287226658484	0.513179896459	0.277360073224	0.522632300869	0.567645861806	0.341061837105	0.154962764595	0.167340957728	0.270061039896	0.326343946287	0.178404598617	0.172150186426	0.289012545641	0.368700960533	0.168398471909	0.298516110339	0.51158007805	0.21271704418	0.598914159455	0.382275586818	0.260512439633	0.179629845862	0.155152612122	0.26932779998	0.178601993658	0.249706226347	0.218697627332	0.476248064144	0.185961414931	0.246987322565	0.337172431062	0.174940165043	0.214549368876	0.185066813686	0.284682420911	0.329686118785	0.244133457998	0.196424875635	0.252366789657	0.150391928671	0.721116857133	0.266434470158	0.319395469075	0.188742696165	0.257995958275	0.309402729693	0.160319888332	0.259093179943	0.303468433269	0.29493135404	0.319704105966	0.461783351817	0.108304563616	0.172986118008	0.206732544207	0.179455907696	0.179545648158	0.195481782012	0.202222771024	0.222042030035	0.175120238426	0.282763927246	0.205797639639	0.262006588833	0.185037220678	0.232752071431	0.268855008863	0.416659223615	0.306427487628	0.189209299071	0.330138026122	0.344934557745	0.170943073249	0.182409616686	0.308669902484	0.190981490574	0.339998447518	0.202080751658	0.376929410829	0.238273195096	0.473305294438	0.474834102523	0.21768009003	0.471533862226	0.259750039555	0.340645883845	0.349781398594	0.582275020019	0.453168872131	0.276197475812	0.235914549129	0.610937759165	0.707433458088	0.570211843517
172	0.58539674996	0.223999095596	0.12485705938	0.299681590988	0.410890595235	0.293215798852	0.28984599195	0.200401024713	0.160186782587	0.195521376986	0.297975216724	0.179808207271	0.322570342035	0.123992655344	0.387877475058	0.367816791639	0.178997245978	0.159562029894	0.0	0.292589803431	0.242097089147	0.487543011616	0.197704487851	0.459562397572	0.534724336813	0.280533258164	0.0647175380801	0.135282241711	0.257765556792	0.291052481246	0.118705721833	0.0585931752126	0.259016229433	0.301088190057	0.120412501814	0.245258370925	0.442760653238	0.16034439424	0.612167389035	0.451261185377	0.238526258538	0.138058847284	0.105670473776	0.2079842037	0.142668462969	0.169635256476	0.161072743098	0.415283028939	0.106428221707	0.188084952786	0.314042236485	0.156420686077	0.22333031482	0.134348183873	0.313627621468	0.350066818852	0.18662197138	0.146826149561	0.214030556691	0.195673333588	0.729675892379	0.210020797236	0.341038618579	0.137321006934	0.258281611509	0.295389302161	0.0852994412826	0.209231579517	0.259525763869	0.242467183577	0.294989264642	0.409025111231	0.218159024854	0.111698952542	0.145061217031	0.210836728848	0.162158251983	0.164698688414	0.17763157112	0.176771471347	0.135000834897	0.268978381226	0.138000631188	0.206172259598	0.106967511242	0.231042791852	0.208842035694	0.430266788356	0.229477996954	0.0920368224298	0.29987763888	0.285947161813	0.215201311882	0.216093157104	0.254265771551	0.138341171751	0.253362004889	0.166022959377	0.297319409942	0.242249535349	0.481248101018	0.428336826752	0.174257312558	0.488578172742	0.192483648293	0.270523844817	0.271405256145	0.58386105557	0.454820716733	0.190053073776	0.214570606182	0.608853513358	0.688693330947	0.547683988283
174.1	0.546090223706	0.236546342438	0.279533060611	0.255106337245	0.381635489861	0.255242831907	0.252202952537	0.24001327224	0.293887511509	0.235317674759	0.386034429149	0.238590817208	0.241420746664	0.247697700087	0.328482507022	0.190417286805	0.274855543539	0.286979558171	0.292589803431	0.0	0.343707140784	0.394105028322	0.235193146353	0.438414937889	0.453278460968	0.239187448265	0.286782359292	0.244654839804	0.230899601736	0.392215826888	0.321533534592	0.312324195594	0.283170603891	0.254517878653	0.263725561938	0.335626176809	0.416378682282	0.234770228318	0.535692516049	0.435456803958	0.246798363786	0.260782216821	0.257898391583	0.235595305127	0.290708160078	0.250099036581	0.366867827609	0.391638045886	0.263541619456	0.263108617951	0.238985187255	0.292623746075	0.278302715452	0.303566787265	0.23762170353	0.349911224363	0.224292653895	0.300158534785	0.270011098377	0.227553576849	0.656477038185	0.221768835651	0.177979189182	0.283883183226	0.205145208695	0.351972336501	0.256514450035	0.356984216838	0.372731120137	0.261356969029	0.438645555143	0.36872053847	0.289740962332	0.287058515533	0.304125852941	0.213150813422	0.291198317345	0.230097616853	0.248311284658	0.360334438396	0.250113955952	0.392673024963	0.327050700605	0.267171903677	0.29191888515	0.372919101505	0.294305586423	0.372313901997	0.284691688697	0.311461217774	0.254786398838	0.263470129424	0.274326550494	0.270192667284	0.380459125195	0.267482634929	0.438035537844	0.292830228581	0.237414529949	0.381566456389	0.456807433983	0.370670208304	0.240076841211	0.444465357072	0.246665278846	0.250390680442	0.204662109155	0.55489650448	0.436272235392	0.407330521182	0.382714095852	0.597402425251	0.683861251292	0.534981921499
194.3	0.663422180606	0.2804153613	0.280669462604	0.342909979491	0.449364017677	0.345111749595	0.356660724278	0.283179070647	0.279878892439	0.301609197277	0.166163495443	0.259005045876	0.395411689841	0.228429951543	0.326847607669	0.381214302928	0.278927557697	0.287226658484	0.242097089147	0.343707140784	0.0	0.492090587303	0.293386850649	0.503414891837	0.601790916253	0.320728018842	0.237965019757	0.221433297068	0.28725817633	0.172115305443	0.295682789329	0.242721412609	0.178091621447	0.378317516901	0.24267515241	0.0755144063677	0.502686090896	0.258667729899	0.692312713845	0.543331376787	0.34494361677	0.240361232506	0.25955280914	0.281482933662	0.26506392127	0.269529607542	0.302368654982	0.474342009509	0.22316855291	0.268372924231	0.366100213241	0.269782364424	0.201260035584	0.29246762404	0.352490065164	0.421771604535	0.25090389338	0.303477461037	0.2760135364	0.272481531365	0.810029691959	0.312894299765	0.413080026631	0.244466056954	0.330031340817	0.327478171339	0.228574287646	0.131208316025	0.13505646333	0.352760571888	0.229176351512	0.446978604897	0.316269981825	0.253226029625	0.270438415244	0.286414193359	0.292599716417	0.247216332684	0.221291578456	0.329008131707	0.257773637517	0.259993346619	0.284645549048	0.284742406992	0.244993023934	0.400511623113	0.193919073802	0.514332962397	0.319639607982	0.261937244617	0.363285189991	0.345942095752	0.294636111663	0.29788309617	0.105834848884	0.243102057664	0.17503131369	0.283023008719	0.400955366695	0.355217121636	0.568845094715	0.475415288404	0.278483423093	0.570735560235	0.283373225085	0.334279547518	0.364488493574	0.663498962537	0.548518517605	0.342209816874	0.374640484363	0.686649903331	0.762276628956	0.63155295832
195.3	0.508240641767	0.442058341939	0.520819233608	0.428744891085	0.347745894513	0.435273969279	0.401267263013	0.471276666799	0.512199665537	0.433606792135	0.526233277618	0.456619291327	0.340679276023	0.448303379405	0.378204614026	0.409106463164	0.479576462266	0.513179896459	0.487543011616	0.394105028322	0.492090587303	0.0	0.418017541638	0.375475901432	0.387011145553	0.388409876691	0.476738430192	0.441957978779	0.409300596248	0.547939663635	0.529684939961	0.491333452875	0.508274364499	0.433487105339	0.488120615397	0.513007351363	0.408224943904	0.439800619868	0.481255008483	0.51867243445	0.414907251654	0.50283349881	0.484012779973	0.425219995607	0.495785728607	0.456148825554	0.557632405312	0.326561944378	0.469985654699	0.430756786313	0.398276601848	0.514284770033	0.502401960838	0.523942717619	0.473502461339	0.549176272362	0.401716351323	0.520578791706	0.456573404857	0.449683411676	0.607919148161	0.434751472416	0.4717884371	0.502036777245	0.399216117831	0.524813017262	0.468900185695	0.54842326468	0.534674713718	0.449554613622	0.621550883552	0.382672174755	0.530906556575	0.499659557364	0.475515159565	0.454277377965	0.480839070866	0.434709337025	0.452083168492	0.565895027433	0.488432335784	0.586688631822	0.541404114006	0.465949409918	0.503597010615	0.613689377469	0.464317478028	0.448621479852	0.455817928971	0.509715902963	0.467695678567	0.438120291176	0.493151860068	0.449092063414	0.555125247068	0.471589377248	0.586210711815	0.505299399672	0.400814992191	0.561914704079	0.462621247994	0.384452959819	0.427435449465	0.496930344638	0.396865258821	0.418022020173	0.415304068742	0.497734276473	0.474104259373	0.568945903311	0.537851373671	0.606712611489	0.645592299935	0.428977357924
208	0.562100758307	0.178797673807	0.254531409638	0.218979571276	0.329514697359	0.227865606922	0.163570605055	0.212206956366	0.285717924411	0.0746656979244	0.330333540283	0.199886227136	0.279191614138	0.154567803588	0.291506529762	0.277928267535	0.269103263059	0.277360073224	0.197704487851	0.235193146353	0.293386850649	0.418017541638	0.0	0.352443705988	0.488093715553	0.198632849111	0.210258781554	0.19390131577	0.224397930187	0.362415134339	0.248883769216	0.19274673323	0.246616270075	0.168763659607	0.197333300909	0.279194411957	0.310630658157	0.17467991361	0.583759050655	0.455014403657	0.151315853679	0.209465974261	0.218986907488	0.129108528264	0.266440200172	0.124645710048	0.306083199581	0.320111303153	0.146403663187	0.158747949311	0.231101160237	0.266559196209	0.288340747757	0.269858573889	0.270390388749	0.388777598983	0.13457407495	0.283447708732	0.214092169478	0.182801913029	0.707537501322	0.12736758638	0.325828226105	0.218306698246	0.204759782562	0.331126202993	0.175078433482	0.314567923444	0.331078319833	0.230820558967	0.414598248969	0.285440539558	0.266006516927	0.204980202433	0.230852528848	0.241247812929	0.25355452942	0.191725388317	0.216938578328	0.298089124684	0.248055727818	0.396115375229	0.268035812702	0.182568196455	0.22813600926	0.371196021492	0.21750017351	0.408829746994	0.131450385147	0.229402846637	0.206344806515	0.197517825797	0.263456076227	0.252674660475	0.29613482561	0.224334648269	0.369536309562	0.247053047139	0.18537397101	0.352265613055	0.471086536784	0.309206618239	0.20305036089	0.478396558873	0.144276180118	0.155610790459	0.166783122162	0.561332411928	0.442478818003	0.315037766121	0.345435294979	0.586371072874	0.650171420219	0.523283479412
