	103	117	133	134	137	138	155	156	161	162	163	164	165	167	169.1	170	170.7	171	171.7	172	172.1	174.1	175	176	178	179	180	180.1	181	181.1	185	188	194.3	195.3	202	205	206	207	208	209	210	216	217	220	221	226	228	229	230	231	233	234	235	236	237	26	27	29	30	34	36	364	365	366	37	375	376	38	380	381	382	383	385	386.3	387.3	388	389	39	392	393	394	395	406	407	408	409	43	44	45.1	51	52	55	56	57	58	59	60	61	62	63	64	65	66	74	76	86.2	88.2
103	0.0	0.673143253884	0.469575565252	0.516852824544	0.63766627575	0.639272261492	0.536535266512	0.43929420612	0.553775614441	0.496213997439	0.586742773682	0.406305482502	0.621107079888	0.605140702019	0.628147413864	0.477120331002	0.473410363622	0.590782901229	0.444365262415	0.506751600416	0.538870136516	0.50885259198	0.591751886922	0.488144218592	0.496568753351	0.507089814439	0.4321445882	0.40178619227	0.566492752114	0.479794896838	0.469349129116	0.513807243098	0.41963485869	0.531883106089	0.562656928434	0.54727753842	0.493501235533	0.576522759242	0.527323850148	0.622523568301	0.661841948119	0.492431691448	0.537423334529	0.623048668503	0.463545995448	0.545634116867	0.416083742788	0.468707293663	0.561499490215	0.650164751503	0.597270879555	0.523133502296	0.477388476801	0.651154332873	0.585006028561	0.477888765836	0.562332848128	0.454675873064	0.465376409979	0.529715967639	0.560112832276	0.562322394716	0.503558158635	0.541847694187	0.537229321693	0.45122306823	0.518318938754	0.487268105133	0.534730684865	0.542506057091	0.458858151302	0.622854675562	0.497081745886	0.632265507725	0.50476794402	0.605934842752	0.426570125233	0.408083088917	0.536960741518	0.506110047031	0.511062000785	0.486609796724	0.573183261053	0.55820386349	0.494782347724	0.529041056375	0.410255641629	0.467644568197	0.45040527545	0.529403460294	0.429455660863	0.531460874269	0.398613297801	0.503565037106	0.467664704245	0.456598246972	0.439466804683	0.511453900499	0.513880337391	0.535756936724	0.492503642596	0.660438628568	0.456010140685	0.496843026661	0.432251520675	0.486924131789	0.485532238431
117	0.673143253884	0.0	0.6852923422	0.749544096238	0.795466940794	0.724934762291	0.565928633331	0.586515394098	0.673665468665	0.630933908929	0.673407124554	0.557601824178	0.636500130615	0.69940784187	0.750336300127	0.647374146991	0.63261712357	0.776598726806	0.638559540095	0.691979535154	0.71119335242	0.729939705897	0.790894597559	0.634236447813	0.743280228249	0.724824883335	0.697114519927	0.610459289746	0.532822878842	0.730596421986	0.737584758427	0.727144456247	0.708511830417	0.661062275655	0.624620377407	0.611421339962	0.526088556981	0.743918560389	0.605770114785	0.474828837397	0.649279741362	0.670311301349	0.640481465157	0.611631191638	0.666608172108	0.50345246354	0.615282962351	0.704968296939	0.686782811242	0.738276607105	0.804059799629	0.707456568597	0.623856686747	0.629051389818	0.526932658516	0.649071058199	0.636300448368	0.689837096916	0.677689713476	0.651402902743	0.764410972047	0.760173361698	0.724603831418	0.736472299263	0.742153137594	0.70525141519	0.73287451736	0.591907935006	0.715532039354	0.724635097047	0.714716754575	0.62263824077	0.681632086828	0.751592118942	0.71298203205	0.771486511781	0.634629096624	0.620388133338	0.753258386355	0.686133971133	0.697586261	0.656579787719	0.744443792788	0.694628824767	0.696048379224	0.666774762002	0.719162702416	0.692756088726	0.543513160514	0.649343167371	0.564250117095	0.579275762174	0.656362352607	0.601808706693	0.711052911208	0.71699987789	0.705826728162	0.672524384397	0.700908155754	0.740737236602	0.61881015626	0.631622241118	0.615177597559	0.724534756718	0.624058681902	0.678967170136	0.684062471663
133	0.469575565252	0.6852923422	0.0	0.485965184893	0.547245844278	0.551778513705	0.422976939816	0.490198583093	0.503253381317	0.404781419458	0.403550207304	0.462686783961	0.557706558517	0.626143053792	0.575466354758	0.356509600069	0.466972936361	0.550024628074	0.41359093866	0.439871938903	0.463135394297	0.453083965363	0.597162125676	0.31341375737	0.37278781836	0.408845085891	0.413928564367	0.446899468078	0.442861510044	0.623119319189	0.464907019647	0.3728577294	0.411979371689	0.492118790631	0.529202782834	0.5653336101	0.547975135213	0.477449740368	0.403850353251	0.534845206213	0.66051534054	0.491628783229	0.497182993448	0.610398051908	0.456627615569	0.48571561476	0.555731805305	0.372019335046	0.502020877696	0.615886211131	0.520621706404	0.422142879261	0.380547166589	0.543013524613	0.55765873456	0.416867905057	0.455957803989	0.423097753353	0.398886801821	0.478214529145	0.463150100934	0.56241564888	0.45480966948	0.505231311148	0.472272036494	0.441204219916	0.378976255683	0.403793167445	0.449013005285	0.530960816851	0.480322328193	0.600543183689	0.530234515331	0.522352762404	0.423679410624	0.58681311915	0.359227647033	0.454232373993	0.566351791668	0.421183575871	0.283600495602	0.358122101218	0.526505572213	0.543704974303	0.364097526054	0.438294046035	0.481513113197	0.482561532026	0.502322680793	0.597761673287	0.602421101757	0.481950831288	0.4084432479	0.611253358786	0.48896961641	0.50846063764	0.502916208966	0.358848047359	0.489869797516	0.499500249141	0.552279805618	0.657477967674	0.450139931003	0.520472920192	0.484361079962	0.453469752546	0.322656712465
134	0.516852824544	0.749544096238	0.485965184893	0.0	0.426453168807	0.61305187571	0.597662065094	0.563500369671	0.601751678074	0.560794799485	0.565670022775	0.600632789343	0.529635324023	0.64426257572	0.421676812963	0.4510489773	0.473821180129	0.412392310887	0.468259613179	0.424326396	0.508986992813	0.402026129145	0.681681073239	0.481085855139	0.450078357552	0.440742319367	0.445215872899	0.525787100599	0.580716871027	0.622091204555	0.362837438785	0.374197631317	0.461006486231	0.564479166081	0.552895803086	0.575302339757	0.663981515509	0.48836565879	0.521314458437	0.669051674898	0.697887081836	0.57124151236	0.597930711561	0.535673841005	0.480115678507	0.63046472288	0.584385838995	0.410249146898	0.506876704379	0.52741016432	0.367673309664	0.411576785578	0.511037521826	0.556016608093	0.642685023794	0.571907361093	0.64285600481	0.416245447097	0.428629098539	0.490620263518	0.373322991511	0.522631481829	0.357118538964	0.459777415198	0.387463270818	0.383322766996	0.413359992507	0.507817937139	0.391326106396	0.560524198852	0.50959078032	0.654390624348	0.49033616188	0.437352881218	0.451444156235	0.453213402989	0.497749940447	0.506570001328	0.622291035052	0.483822838716	0.43410239082	0.423884578242	0.459234414481	0.505497239109	0.447339233517	0.545854304591	0.586707620349	0.512978367343	0.544166310633	0.520051223451	0.647094535644	0.61132168802	0.496682311468	0.712571668623	0.529599384805	0.545667367795	0.518875585259	0.541219529191	0.546176518125	0.360076167636	0.60903921962	0.656530685997	0.494072229341	0.541695323535	0.53278239423	0.472448142525	0.427504012678
137	0.63766627575	0.795466940794	0.547245844278	0.426453168807	0.0	0.63349262702	0.675678104149	0.679743784194	0.702046945204	0.669879401614	0.596922539227	0.664359169582	0.638118904376	0.685584738438	0.424712177543	0.616303657383	0.554428533451	0.378702283916	0.536042285214	0.535891592313	0.672138859611	0.475261063389	0.707917534242	0.570473120945	0.633366050864	0.498729178111	0.582951194095	0.588152183382	0.648979807728	0.654962546489	0.513187063506	0.507729642635	0.552915894786	0.596449788529	0.673244672682	0.656031704745	0.718718333071	0.516228278266	0.614016965821	0.700714644029	0.748139912421	0.625110688906	0.680169685385	0.612263973497	0.578839989774	0.711152195454	0.683415735206	0.559852097565	0.53254746456	0.433217419829	0.33599742627	0.514657588941	0.600096072054	0.619363453137	0.719171401854	0.671239331526	0.683299717566	0.529588179876	0.56201042924	0.61440063246	0.393137661314	0.475891144987	0.53262111761	0.529840074971	0.464208315796	0.492961811303	0.539590261012	0.637593852095	0.501131516831	0.588616752257	0.594393074584	0.675533457791	0.575103915992	0.373061124266	0.496256135506	0.462874206284	0.602569552261	0.610752662838	0.659147809677	0.604082954626	0.548977973733	0.583607430502	0.398555886743	0.603146351899	0.53499064736	0.589182781232	0.687909670015	0.596105139514	0.631969748625	0.563955821854	0.708261015459	0.678795710693	0.581432938453	0.778313635575	0.634163950643	0.617055791521	0.615491029644	0.594079907521	0.653036734495	0.439657899718	0.69964472917	0.655930981712	0.624198907438	0.640682017722	0.638694497154	0.557257835584	0.524678631055
138	0.639272261492	0.724934762291	0.551778513705	0.61305187571	0.63349262702	0.0	0.669257919257	0.631210478991	0.615383659564	0.626831840908	0.546019456983	0.581723278204	0.663158037703	0.632628561231	0.659183020614	0.592507707003	0.488241767335	0.675910924634	0.567863800908	0.667324108519	0.642890137809	0.584865208802	0.591846279467	0.576254618947	0.621963855083	0.583109431468	0.636293045121	0.568114559708	0.548241469469	0.634847933704	0.624534727507	0.622556394397	0.570831021459	0.576977758524	0.671054210671	0.741958379022	0.630674741273	0.625445573795	0.647287974612	0.685486993185	0.649313256966	0.611244644057	0.598485139499	0.578080156343	0.528103637084	0.703639956522	0.668589263634	0.56360004292	0.56413889032	0.664543442266	0.632088249296	0.547836938082	0.609872797489	0.633376069494	0.642436080339	0.684059650742	0.689217106235	0.591406493259	0.605913053721	0.639964439929	0.612699912655	0.636053398224	0.629220513518	0.670354371362	0.539880509126	0.610051253659	0.565620686548	0.593517007675	0.574055222197	0.6950966697	0.602414550417	0.627133002541	0.629967012873	0.605931601573	0.600618312221	0.681738957471	0.550570964169	0.62019110471	0.642216065334	0.643928848347	0.546717228519	0.616791934467	0.674582314259	0.701831418212	0.527828357762	0.620410046472	0.660544143506	0.640842878645	0.663956625697	0.650722878327	0.644165698409	0.63813730189	0.637960772576	0.660286747636	0.583199959194	0.587614580287	0.607243702925	0.562280513632	0.62584245452	0.647102456657	0.724654147494	0.598841757433	0.607535147283	0.662668165188	0.644393560614	0.636034139235	0.484220673841
155	0.536535266512	0.565928633331	0.422976939816	0.597662065094	0.675678104149	0.669257919257	0.0	0.369783777825	0.592672586289	0.454460801703	0.515515407843	0.44211589404	0.591236933816	0.668004935872	0.644080357357	0.531955028145	0.517963412794	0.609270792695	0.49835647827	0.507502941979	0.570448476836	0.568131790275	0.663819181048	0.496772684191	0.53119474913	0.516563006739	0.535664426637	0.47224703577	0.468205109656	0.630411292183	0.579739065911	0.522884414427	0.501592798374	0.538958887155	0.496164002149	0.575633075055	0.526680909117	0.595658664411	0.424150498977	0.559232520545	0.655076316516	0.508572299871	0.487802187911	0.623604598919	0.541970693481	0.4857753079	0.503032933728	0.544830357455	0.568761392092	0.612264832137	0.645042328223	0.564010508942	0.4573678772	0.582461390003	0.518041983351	0.425532358936	0.373329137307	0.492766298881	0.462988712057	0.517380059375	0.59969265628	0.596679482277	0.552211453643	0.540604186429	0.572715598521	0.532656193907	0.545942303085	0.453480100591	0.624082027856	0.562327249881	0.524402674505	0.658277209692	0.515755833313	0.628137262411	0.519690956184	0.61621953922	0.524737613194	0.503299301557	0.680382502593	0.451575413223	0.496634980417	0.561689357116	0.588635078342	0.585705260642	0.503826723449	0.594557730123	0.486543589744	0.524665264264	0.419072401461	0.610123318994	0.586773412301	0.480308907706	0.471629937792	0.611733628225	0.574524912688	0.548981212179	0.501201875093	0.508495613711	0.564230712756	0.594154593922	0.448211218765	0.68597062403	0.464023790451	0.494521983412	0.444143976618	0.453352232253	0.471675572911
156	0.43929420612	0.586515394098	0.490198583093	0.563500369671	0.679743784194	0.631210478991	0.369783777825	0.0	0.571587530044	0.429016701131	0.579146519383	0.420296821156	0.515506020229	0.669248958036	0.660264666373	0.476775913087	0.487741565539	0.60603956756	0.463202473326	0.524065409876	0.55268322047	0.575767596673	0.602118112408	0.436243588445	0.511047968064	0.488750874268	0.491180450647	0.353352514291	0.399925632923	0.553108106631	0.597356577473	0.545868177104	0.499153677744	0.527024046343	0.4676153851	0.504894687889	0.407274028142	0.56406983035	0.469580682609	0.481566782885	0.634823204603	0.475084611836	0.47063936473	0.575021543596	0.445769922109	0.465958505612	0.460159415892	0.491794752388	0.476561850857	0.610136849702	0.619224741054	0.557170901485	0.485356114774	0.542620393647	0.411409462334	0.425512751024	0.415491624033	0.482253559892	0.469511436406	0.479935489445	0.567379169174	0.601060361443	0.491710275153	0.53047226841	0.58784690074	0.462579085109	0.566344116567	0.510785229591	0.594206834729	0.595549716626	0.464700790297	0.651107818085	0.498956093326	0.648141213057	0.511199654661	0.637669188215	0.487589836405	0.452529225171	0.658222300748	0.449125011655	0.455107016656	0.546213855962	0.572510309495	0.551299575773	0.48674938935	0.52975349004	0.460148313405	0.462355463897	0.393863221915	0.503132571436	0.454774958412	0.511444083161	0.507110529269	0.547627668918	0.584877527207	0.518564342388	0.470440447762	0.496621199167	0.573483013543	0.555670502446	0.425361709792	0.636385814722	0.403288553081	0.538209705621	0.403448407489	0.466822842254	0.480805018508
161	0.553775614441	0.673665468665	0.503253381317	0.601751678074	0.702046945204	0.615383659564	0.592672586289	0.571587530044	0.0	0.407991530418	0.446446117279	0.525774262539	0.562575762961	0.581022103951	0.629756345554	0.499287984102	0.472000830128	0.656526728283	0.495809033156	0.622778619754	0.579288430361	0.611400087445	0.5445094129	0.490196078431	0.534758660559	0.566524759665	0.575874957168	0.517500173728	0.475076287292	0.647190056305	0.562043159754	0.578312573029	0.595978283678	0.633775351014	0.396130481946	0.54399262979	0.524395576935	0.631650156131	0.516685692517	0.53977029609	0.571333825797	0.494215094034	0.388771725579	0.575177081659	0.478104987074	0.53970652089	0.528076024563	0.550680824485	0.598279945617	0.718750443779	0.677554369458	0.572012537324	0.522889777724	0.617404852259	0.47380490864	0.500133697524	0.492398165496	0.58522089977	0.598000153742	0.594947511563	0.657151604414	0.702746749567	0.559636670313	0.683605096174	0.57454965372	0.606500596598	0.550879281447	0.388651869877	0.562575809382	0.708486925469	0.626353880565	0.564706942227	0.631409422449	0.631652282246	0.532767524939	0.734882753292	0.42808312447	0.523387263714	0.628847861087	0.537348393614	0.548809986175	0.505832266763	0.674998601496	0.593412143162	0.522193779058	0.572801800037	0.537401798645	0.611107400048	0.527592728675	0.56726759866	0.546620414708	0.440723068199	0.460198431011	0.560889265686	0.583985523283	0.658252593489	0.610502700075	0.447751758291	0.587266981937	0.691937908624	0.620607170998	0.579519551366	0.490042123769	0.534807425158	0.562221864896	0.566900173052	0.535428828683
162	0.496213997439	0.630933908929	0.404781419458	0.560794799485	0.669879401614	0.626831840908	0.454460801703	0.429016701131	0.407991530418	0.0	0.475242179837	0.418938159614	0.462049017299	0.597611649805	0.645690909172	0.45673471981	0.439745360578	0.612691191361	0.403801378524	0.481901600037	0.49815624875	0.544946510592	0.587056488249	0.42231966915	0.438966887494	0.506142439516	0.479320652533	0.434147725183	0.354109459239	0.554193851252	0.51072364642	0.496834374581	0.520682985142	0.536217807273	0.433046396265	0.492404570081	0.451154663186	0.592051962282	0.454864964627	0.490532284093	0.625497659128	0.442312556112	0.339339997723	0.601578390133	0.408584132114	0.399693011862	0.407463354991	0.471536319171	0.494522621133	0.592997667479	0.627445555071	0.551669742744	0.491888289072	0.544240593348	0.468343758533	0.473204072586	0.413882029036	0.520133786558	0.493243335154	0.466819704875	0.555053139257	0.605412025075	0.493679868853	0.561716290396	0.522215790989	0.520392133629	0.535041992881	0.358173426327	0.549523825417	0.586061598184	0.507003852071	0.620975303572	0.551838132911	0.586495873661	0.501924411255	0.652797251685	0.425210561603	0.469213965564	0.601156202944	0.394242989309	0.413206870617	0.445931579207	0.612442410304	0.487355403311	0.425143498383	0.51058575863	0.374985654931	0.510114314693	0.450852037221	0.548271188212	0.564169190105	0.420817475174	0.431783771078	0.567018983277	0.574902643302	0.596055066576	0.536375255148	0.330682315156	0.489428899382	0.603763867922	0.524016924443	0.568419921356	0.410020920208	0.519765381763	0.471452164436	0.439970702701	0.442099998072
163	0.586742773682	0.673407124554	0.403550207304	0.565670022775	0.596922539227	0.546019456983	0.515515407843	0.579146519383	0.446446117279	0.475242179837	0.0	0.514474967994	0.588712656453	0.541436173083	0.612341014436	0.48384773652	0.475849569283	0.619365257792	0.480451767897	0.514814773451	0.593818350324	0.521921347834	0.640079462089	0.458772715927	0.54450542048	0.54090313637	0.499548777231	0.522834551359	0.456608154816	0.611589243995	0.552813228378	0.534046480243	0.484876076407	0.464596681812	0.489415870256	0.588439977906	0.54724486955	0.476045052064	0.443324133836	0.554916727955	0.648276208237	0.482387081048	0.447151082612	0.659463176546	0.493472848858	0.560389007613	0.583960895183	0.455682333454	0.545874202591	0.620100781493	0.572606638217	0.504338885943	0.512745990454	0.579266261077	0.548513105581	0.529764637634	0.496008975993	0.503167151335	0.496594901334	0.538271963159	0.553793674036	0.570120538495	0.470195346457	0.602206487839	0.492185855837	0.520706294596	0.422607819806	0.484604340978	0.472590454252	0.555234534792	0.494447131096	0.639744122648	0.598462468622	0.584777684723	0.531947847887	0.622232117557	0.472574519637	0.529674957614	0.56701518371	0.507691113537	0.472897256809	0.491507859468	0.588133278564	0.570767200456	0.489723680189	0.509625968191	0.547038513892	0.533128204741	0.511383938851	0.619746044185	0.606241230455	0.472176059537	0.540964387189	0.633711115904	0.493145956399	0.522300502604	0.59595336609	0.389634992125	0.486808762823	0.585267799346	0.615170139678	0.510165573112	0.413263330402	0.498970842002	0.468017892925	0.562212921041	0.440079560405
164	0.406305482502	0.557601824178	0.462686783961	0.600632789343	0.664359169582	0.581723278204	0.44211589404	0.420296821156	0.525774262539	0.418938159614	0.514474967994	0.0	0.486647286676	0.569782350051	0.602949061194	0.463359860221	0.410357532094	0.602530935966	0.393285601398	0.578943715412	0.568596228984	0.563365906198	0.621068714847	0.428688687693	0.505172804968	0.489867079304	0.511964500087	0.406650228641	0.388970328664	0.529606649908	0.572729580559	0.501234405479	0.493438544317	0.50383731179	0.498998221295	0.564161542982	0.383482404755	0.526260625215	0.506296687308	0.540965677934	0.649087943337	0.404495804315	0.514648216818	0.526807159246	0.46442188003	0.507360508711	0.455917069108	0.517723748009	0.416727447139	0.550217696399	0.619379003125	0.519857047015	0.445039758473	0.510218580351	0.42669105131	0.47809001347	0.482323957165	0.553754580429	0.521178891631	0.416799452133	0.574925084059	0.563294909462	0.520551127916	0.47721993002	0.571265965214	0.513003150098	0.584563477882	0.41752595137	0.545789231092	0.613020599531	0.48316431977	0.557349187345	0.489228260282	0.5557679872	0.5149104358	0.580469530832	0.478939184152	0.410445386744	0.590713702586	0.493375003357	0.528367573492	0.505887891795	0.543923529667	0.548409311899	0.487246526185	0.592806445056	0.413695107082	0.413328000312	0.46183954162	0.475940043797	0.360341373392	0.453812153441	0.452858373171	0.486971641249	0.522367258577	0.479345648036	0.446175278491	0.454657400018	0.487728935955	0.552368375331	0.534508720312	0.59394702639	0.437338820467	0.47300830382	0.362139766155	0.447222863328	0.47987602756
165	0.621107079888	0.636500130615	0.557706558517	0.529635324023	0.638118904376	0.663158037703	0.591236933816	0.515506020229	0.562575762961	0.462049017299	0.588712656453	0.486647286676	0.0	0.579116708902	0.601924105446	0.505432873018	0.549383619391	0.635682479939	0.523430461542	0.587442857406	0.551720237454	0.573620822514	0.648663982955	0.50138486976	0.542042424966	0.603355151681	0.573694714137	0.532123016009	0.398846044812	0.631669824378	0.594015327974	0.551986613115	0.633227367996	0.595136161054	0.482466130585	0.549017106736	0.472256993561	0.565687867152	0.539707809587	0.505760127773	0.666080308082	0.53498446731	0.546296126269	0.569783020096	0.563244650658	0.525686170586	0.602689845904	0.58732523298	0.566101163878	0.637647134619	0.63070443335	0.58118914966	0.508460965157	0.504297416278	0.40009209127	0.58510584883	0.541868197407	0.492231192979	0.52215009907	0.565476135505	0.614109100301	0.680762538524	0.539686407923	0.615799474475	0.55145536272	0.580517990476	0.549420085658	0.49283662941	0.570906381691	0.631860336833	0.6102570485	0.518333836474	0.550857380476	0.606258061851	0.563657984579	0.64367054607	0.556685146334	0.539427014657	0.692248889501	0.463830188497	0.524625263703	0.521504333686	0.630488142737	0.523618177187	0.523904866504	0.545641191825	0.573611653291	0.516843968228	0.49329115843	0.549127102303	0.572779305221	0.54333757927	0.499093525543	0.587716450481	0.579477308285	0.574011754548	0.641845255899	0.557357801747	0.569677583779	0.575700105965	0.587597205716	0.567972287897	0.520347982757	0.542002133111	0.536331606752	0.497592702772	0.536312297438
167	0.605140702019	0.69940784187	0.626143053792	0.64426257572	0.685584738438	0.632628561231	0.668004935872	0.669248958036	0.581022103951	0.597611649805	0.541436173083	0.569782350051	0.579116708902	0.0	0.68122144295	0.651439540575	0.628227794262	0.684691432466	0.65974144475	0.622589033377	0.682355990174	0.635716121968	0.658761753381	0.649580452482	0.664850473246	0.662006621055	0.640355236604	0.664169805749	0.56714828734	0.58462363236	0.574148819686	0.632083932621	0.611891471979	0.589433242037	0.591970849672	0.646508585703	0.587435090758	0.629852688108	0.637242703033	0.622221540658	0.611935609618	0.53321694763	0.534529437553	0.665143437421	0.654036964981	0.594307079368	0.597169775708	0.683452881212	0.684511653466	0.714072011192	0.719628282981	0.646226520427	0.658064232275	0.643880137351	0.584693553509	0.704542777098	0.645540017569	0.667233999057	0.680252641232	0.661181663005	0.669137971861	0.641767745315	0.563799760278	0.630003131116	0.588041230277	0.651454364947	0.653426929655	0.584676177769	0.613299820876	0.660441684785	0.655910437294	0.657637363477	0.584650727129	0.647776586894	0.653680223157	0.710506152686	0.5494207222	0.658551101123	0.631045034086	0.623688671952	0.664936326344	0.617134983388	0.686068729113	0.631639800242	0.678559243262	0.616262567338	0.570059309266	0.620571173492	0.587139795955	0.60920181685	0.580290726426	0.55642141227	0.543903447795	0.591752507693	0.605085347897	0.599817721589	0.653550283809	0.608901811128	0.522192238718	0.674558793862	0.622873952005	0.61691491052	0.641267095047	0.54292562353	0.64136037407	0.6132900868	0.643241507193
169.1	0.628147413864	0.750336300127	0.575466354758	0.421676812963	0.424712177543	0.659183020614	0.644080357357	0.660264666373	0.629756345554	0.645690909172	0.612341014436	0.602949061194	0.601924105446	0.68122144295	0.0	0.584765008784	0.50545616625	0.498023215681	0.521359381285	0.55269293081	0.66950445141	0.512998609774	0.691690408226	0.573323968174	0.628413648747	0.456586508973	0.581728394236	0.544648208491	0.578371473006	0.65954562047	0.521328066048	0.501259810217	0.56533469843	0.620894948773	0.567673415201	0.567179034621	0.685073354133	0.558569612164	0.595877641409	0.668360430009	0.687759384571	0.619640731134	0.674193972588	0.502633102039	0.542206220988	0.714870365837	0.654742899767	0.577282544895	0.527629175931	0.498048633586	0.526476479596	0.448351683437	0.546511317153	0.552365553386	0.646605538239	0.645119771497	0.667071628435	0.595169665958	0.549268155221	0.52353595381	0.434422319352	0.545945682196	0.505068873591	0.502355417067	0.501949767966	0.531490071514	0.574259775272	0.532735573646	0.505888715347	0.66163386945	0.562653830589	0.654636440304	0.495208337702	0.488994862345	0.456459251554	0.575467443366	0.626045998987	0.576923109094	0.686716476844	0.611317003238	0.570368510927	0.589085010235	0.450320983125	0.617919411903	0.499470752968	0.63364879705	0.659152018009	0.548638297908	0.550825129805	0.538803335356	0.689563834018	0.652457628049	0.544122023462	0.75695697501	0.644710572133	0.651172264078	0.601021090526	0.61659731815	0.667178755624	0.484860935408	0.678635350808	0.615917652622	0.605663000737	0.605033797656	0.570051557563	0.557643777623	0.50933208476
170	0.477120331002	0.647374146991	0.356509600069	0.4510489773	0.616303657383	0.592507707003	0.531955028145	0.476775913087	0.499287984102	0.45673471981	0.48384773652	0.463359860221	0.505432873018	0.651439540575	0.584765008784	0.0	0.497607380786	0.50643561085	0.475218707586	0.50925645996	0.412732023979	0.42471383377	0.647269699838	0.390495542634	0.406990183819	0.488236768354	0.378601672729	0.403538261987	0.442180955986	0.631185356542	0.460662950801	0.456914659802	0.409665100155	0.485989110995	0.507696984367	0.600012496569	0.515171087861	0.506556254428	0.509799405646	0.572211634234	0.597608638561	0.554005324807	0.529164027058	0.6274762158	0.496741594343	0.579944332847	0.530256944047	0.379563740341	0.585525977075	0.661221127536	0.557358974508	0.426260128958	0.433000158569	0.556041352552	0.504266451604	0.559959586164	0.59281351201	0.389231924393	0.336820278714	0.484670435642	0.520872361453	0.602840174387	0.494558987239	0.522086868375	0.460116215729	0.445198260584	0.389504628352	0.461237673057	0.407899823723	0.576399298752	0.496487321651	0.618995096213	0.521139741676	0.573223712754	0.470211178312	0.595451764291	0.434025723995	0.36548496086	0.618882939939	0.437837101851	0.332776875471	0.365903452215	0.573588942257	0.527659968834	0.414289063808	0.454099027143	0.566651754004	0.428821805103	0.474637589746	0.554495867304	0.566316208218	0.547506510057	0.527298968669	0.637997436655	0.448015936684	0.524109487676	0.530922508391	0.440387890748	0.467870112485	0.508787965841	0.606502702664	0.620298374517	0.396915069	0.608326500284	0.475201743007	0.531628211737	0.413202769984
170.7	0.473410363622	0.63261712357	0.466972936361	0.473821180129	0.554428533451	0.488241767335	0.517963412794	0.487741565539	0.472000830128	0.439745360578	0.475849569283	0.410357532094	0.549383619391	0.628227794262	0.50545616625	0.497607380786	0.0	0.542415388412	0.224497412543	0.565277415343	0.539504825678	0.449018070534	0.631730983313	0.406730348073	0.460654078515	0.376720732268	0.489699322039	0.362947639256	0.466855013462	0.560576578985	0.451180545001	0.472553433604	0.448775213077	0.50993494391	0.47774697737	0.54472790336	0.548246044315	0.502621657597	0.474834218979	0.548703651787	0.613242472926	0.427636687064	0.479069383122	0.471117645852	0.295681503	0.510128802143	0.496499921044	0.401784738539	0.3679739218	0.53444843573	0.503167070243	0.377716849842	0.429823512697	0.532091397928	0.548413634827	0.493927803841	0.54441201508	0.479793158516	0.466408068135	0.494182886466	0.472599740179	0.577291196108	0.465861986961	0.548247021133	0.419787223987	0.490786552849	0.458136749212	0.389856339182	0.449561143326	0.575424374466	0.45715671629	0.554188803504	0.510782086248	0.522091453668	0.438375226016	0.564062227324	0.381914947739	0.477323821149	0.504460057382	0.474016107397	0.41236565095	0.494508884994	0.510338162422	0.513702937442	0.352948960212	0.531898535878	0.498903655753	0.479321394813	0.481637310429	0.478516951817	0.49447208347	0.463111003001	0.411168805544	0.618213135096	0.564795132938	0.608300190123	0.516161719894	0.437239714731	0.559722997145	0.535136297042	0.580595346967	0.558250119386	0.36818948442	0.485081824419	0.416279432169	0.428251194009	0.356713676732
171	0.590782901229	0.776598726806	0.550024628074	0.412392310887	0.378702283916	0.675910924634	0.609270792695	0.60603956756	0.656526728283	0.612691191361	0.619365257792	0.602530935966	0.635682479939	0.684691432466	0.498023215681	0.50643561085	0.542415388412	0.0	0.507108275644	0.537571131585	0.550458408518	0.420279776925	0.712026425612	0.572598644656	0.587952136386	0.48415976346	0.54517459624	0.581711556164	0.635788078414	0.613275511903	0.486117011971	0.45926635062	0.555039482637	0.627582812298	0.659338401321	0.652867968445	0.646742694443	0.532546386436	0.644408792657	0.705146398506	0.726396394015	0.631287246854	0.650078159632	0.608671047121	0.573169591029	0.67161377933	0.578838026719	0.576892646413	0.537594059145	0.455882069653	0.348700078401	0.523141299294	0.525916486748	0.647535743685	0.669459907505	0.643077817006	0.657932580596	0.523373932976	0.563737213766	0.534469052467	0.389684716335	0.48660695314	0.495346776714	0.399548113157	0.476510522841	0.496374464157	0.545632915813	0.577735689895	0.516020055683	0.56628687434	0.511087341641	0.685469888212	0.534634991285	0.354882014653	0.466935108023	0.434208336974	0.594590466134	0.544882393577	0.682202422915	0.537407134355	0.529110988927	0.601084256014	0.379215399991	0.525733093956	0.542914121003	0.621487488078	0.633263232019	0.503172577491	0.590129571977	0.489592039713	0.6680549937	0.624946403183	0.579038396046	0.742422276068	0.568713366269	0.584285856097	0.556089986782	0.558759487842	0.646006201754	0.396026555338	0.701359456568	0.729598040146	0.557077296667	0.541163100677	0.575016845021	0.528768468832	0.518720622208
171.7	0.444365262415	0.638559540095	0.41359093866	0.468259613179	0.536042285214	0.567863800908	0.49835647827	0.463202473326	0.495809033156	0.403801378524	0.480451767897	0.393285601398	0.523430461542	0.65974144475	0.521359381285	0.475218707586	0.224497412543	0.507108275644	0.0	0.448203710731	0.482928292494	0.422549688098	0.640724817063	0.377320582148	0.418646337521	0.383572776888	0.468417377283	0.360052623375	0.413164648473	0.538371565224	0.466455611948	0.430887397005	0.430801379415	0.492670176043	0.489398854132	0.476644816358	0.506097337788	0.475391148438	0.473607279819	0.495497197167	0.652884203097	0.475978839457	0.496786066842	0.477270731913	0.325647287623	0.483654356073	0.472594151522	0.393543161594	0.379229571401	0.492394992137	0.477108311443	0.43507427669	0.397227182378	0.488814751969	0.524000758542	0.465389554734	0.502316777392	0.468573919488	0.439250134051	0.495371508016	0.427962360877	0.533505202498	0.460427135132	0.502506607438	0.43676821183	0.426397299793	0.435739827257	0.341316597206	0.427421031646	0.545093407101	0.462415895101	0.583928750758	0.505661594551	0.493224064093	0.410502501366	0.534501575686	0.411343173403	0.425991419013	0.540417688715	0.431759291879	0.342173350582	0.422682687856	0.514172269186	0.468679968754	0.337011010736	0.467470738633	0.454000135779	0.498470088621	0.476918263262	0.484593011361	0.497435008499	0.467288251164	0.37688118081	0.628813235567	0.546263689486	0.56499288435	0.516369934576	0.397345384239	0.568246639817	0.518007304289	0.51596884379	0.568832864716	0.355775731064	0.532618197564	0.427216728367	0.375953879884	0.352357744121
172	0.506751600416	0.691979535154	0.439871938903	0.424326396	0.535891592313	0.667324108519	0.507502941979	0.524065409876	0.622778619754	0.481901600037	0.514814773451	0.578943715412	0.587442857406	0.622589033377	0.55269293081	0.50925645996	0.565277415343	0.537571131585	0.448203710731	0.0	0.539303200045	0.456082419435	0.692095133471	0.468953295432	0.491800467802	0.483563327716	0.455087468592	0.53098679746	0.496786314431	0.58812527861	0.470546035137	0.4474968419	0.467668163166	0.499452246872	0.55335253136	0.442542254498	0.601244153653	0.548915231734	0.488832064533	0.543585968719	0.664189367952	0.58023113025	0.557874910341	0.577588568298	0.531856994653	0.515369812888	0.525337450586	0.488763295515	0.525230698064	0.540563887664	0.540188460989	0.503087145516	0.562706658505	0.511023134101	0.588421128435	0.573689604897	0.56255366572	0.469007219037	0.413380773407	0.495141454934	0.440475846443	0.523445992999	0.440403659034	0.470111774677	0.546834026031	0.395156472134	0.435866547658	0.482180020159	0.505429168197	0.526997669686	0.510218192526	0.693076568558	0.521936359816	0.529526094817	0.43447645528	0.579244502208	0.466890745483	0.512736998849	0.659373106777	0.466394032932	0.397208095871	0.379407166588	0.513927363663	0.472455836025	0.459672264133	0.392698279105	0.561317717177	0.564586768785	0.458596324483	0.562305275416	0.627120825981	0.565914841042	0.496144591876	0.663585174352	0.560403938615	0.523411001256	0.543709460671	0.540436354892	0.540116734995	0.491546137272	0.466474439378	0.575123878127	0.483372468059	0.574773834377	0.522145779853	0.456055532635	0.432579716127
172.1	0.538870136516	0.71119335242	0.463135394297	0.508986992813	0.672138859611	0.642890137809	0.570448476836	0.55268322047	0.579288430361	0.49815624875	0.593818350324	0.568596228984	0.551720237454	0.682355990174	0.66950445141	0.412732023979	0.539504825678	0.550458408518	0.482928292494	0.539303200045	0.0	0.489413104699	0.657355538679	0.450201470599	0.42413000644	0.520293973808	0.452644883494	0.528058443535	0.545835336895	0.663490064064	0.501586669918	0.499376064949	0.541488126898	0.615589825125	0.559269087446	0.59776883036	0.589534557246	0.590168984194	0.57300317276	0.613758431638	0.600472455924	0.607587926359	0.533952446261	0.656620981887	0.539038698416	0.585118768138	0.551076308631	0.47353940052	0.6444166711	0.680497722469	0.595519307739	0.514109593148	0.542482936859	0.599105318848	0.594425663759	0.511269118262	0.574068486438	0.455953403607	0.424542549151	0.576900327339	0.569873795896	0.629151378558	0.511219383109	0.591031101047	0.452810615972	0.532005724573	0.505635902521	0.500491332846	0.532228778543	0.576777976285	0.536243672275	0.690956664675	0.599874176931	0.577364339896	0.516375153094	0.640825297953	0.507749551797	0.519570223301	0.619412747825	0.446668107897	0.419056226949	0.472895348849	0.644136240419	0.516346153846	0.444892544548	0.470627364949	0.529107990395	0.541107469445	0.541021741279	0.629014264227	0.671429016781	0.60545167912	0.522772532316	0.661740183227	0.535843597444	0.574818003029	0.546913051998	0.460074226821	0.512252921083	0.583826729606	0.61098591239	0.723127632901	0.468032791051	0.571625760032	0.55822179129	0.528533514483	0.4153976601
174.1	0.50885259198	0.729939705897	0.453083965363	0.402026129145	0.475261063389	0.584865208802	0.568131790275	0.575767596673	0.611400087445	0.544946510592	0.521921347834	0.563365906198	0.573620822514	0.635716121968	0.512998609774	0.42471383377	0.449018070534	0.420279776925	0.422549688098	0.456082419435	0.489413104699	0.0	0.679546626273	0.496836650681	0.447494867061	0.429754653633	0.460845042131	0.478021482583	0.577969985184	0.494461402007	0.389740773516	0.407976297673	0.415252790742	0.500733058121	0.625291404555	0.631316236096	0.607989229432	0.43988162151	0.56423382414	0.670322102882	0.707645653583	0.601813863967	0.60091701404	0.598493021921	0.446642958432	0.630078019685	0.525812755845	0.402329925962	0.498729642694	0.533556517869	0.383704435186	0.455224235154	0.450241100884	0.582190710495	0.619089081152	0.584486792492	0.61299591486	0.409780643506	0.402751128396	0.494966674921	0.375408681496	0.436465725994	0.436358779971	0.426026233826	0.347333849142	0.409485781335	0.402451602922	0.505862900732	0.363303849719	0.543942395644	0.407737363306	0.698652151173	0.487747534783	0.445253032898	0.413014544756	0.488408616556	0.497921143071	0.45745210757	0.587136637399	0.522386223374	0.338444488078	0.441551390397	0.447525362724	0.546969411963	0.402142525294	0.529705495041	0.581854561067	0.429808458204	0.51791151679	0.470217320986	0.622061918222	0.624775606617	0.504406541815	0.688294321024	0.50831101664	0.54004331762	0.507994048839	0.490543181873	0.576842209555	0.389052105708	0.636168021738	0.650594986773	0.419934020475	0.571002803071	0.498195663597	0.565504769281	0.404762946258
175	0.591751886922	0.790894597559	0.597162125676	0.681681073239	0.707917534242	0.591846279467	0.663819181048	0.602118112408	0.5445094129	0.587056488249	0.640079462089	0.621068714847	0.648663982955	0.658761753381	0.691690408226	0.647269699838	0.631730983313	0.712026425612	0.640724817063	0.692095133471	0.657355538679	0.679546626273	0.0	0.567920104105	0.650191758444	0.684797221098	0.629260490326	0.602189492715	0.607911613284	0.68412302	0.681330955115	0.67874343839	0.652439396604	0.664399928571	0.630983439808	0.689137886037	0.645699383166	0.706562677379	0.613574825069	0.656434519818	0.668326935019	0.600330734539	0.564058377646	0.712821123293	0.60487563239	0.669080205299	0.640408306475	0.622736730735	0.679179274778	0.728817026383	0.711821608728	0.669506372221	0.64825898082	0.707560195247	0.656154484038	0.603034687392	0.607523366046	0.635974566246	0.640412740621	0.680416625475	0.721445918987	0.688977284641	0.658560241362	0.697181896366	0.6357358436	0.665748715912	0.647326894174	0.629506078468	0.681963953102	0.730769263555	0.683745789443	0.691496809758	0.663784962146	0.712252794304	0.612538643516	0.749477094385	0.624748463244	0.615153671226	0.697040702718	0.624114819914	0.638484079099	0.678122054104	0.718082937682	0.705561702698	0.620134983236	0.624058221413	0.588427766351	0.648904829358	0.625569655836	0.686554675154	0.689437438354	0.658903428404	0.615833450642	0.62742134125	0.657081326431	0.628814795	0.660460562023	0.621996434246	0.67099553961	0.713301993513	0.665995227947	0.60942469579	0.66078862294	0.583468539096	0.637449048241	0.624480703893	0.615983341614
176	0.488144218592	0.634236447813	0.31341375737	0.481085855139	0.570473120945	0.576254618947	0.496772684191	0.436243588445	0.490196078431	0.42231966915	0.458772715927	0.428688687693	0.50138486976	0.649580452482	0.573323968174	0.390495542634	0.406730348073	0.572598644656	0.377320582148	0.468953295432	0.450201470599	0.496836650681	0.567920104105	0.0	0.386044939107	0.418185263027	0.400860333639	0.387635463175	0.396854269206	0.625011717174	0.491662856298	0.460066457223	0.414619899988	0.506623956898	0.444412809272	0.498657963961	0.494435120478	0.494070049597	0.417356235373	0.46761071084	0.643973734898	0.500800004867	0.499135232439	0.554517041173	0.39546505085	0.52201550437	0.532159042837	0.345280711807	0.434926710305	0.591860806956	0.528736674043	0.38219582677	0.425686365504	0.425410686476	0.467414879371	0.395092607883	0.452636774953	0.435303860796	0.390514205431	0.498633894037	0.500190373706	0.5875389413	0.422529189123	0.525951098192	0.477021600275	0.392503131686	0.42062512683	0.385055611561	0.484238732607	0.531291137973	0.470092376744	0.562053659738	0.530810514569	0.550305352165	0.415484503548	0.575191818133	0.366155449992	0.422407044826	0.572424799932	0.430721029464	0.365764931237	0.377434093735	0.510684727814	0.418369886577	0.314527304008	0.44064018363	0.480203758396	0.512005437535	0.472652972885	0.524789798982	0.503408448859	0.527353300114	0.437448001006	0.571652195759	0.559924285793	0.521292398877	0.483104935952	0.415785453487	0.518321354551	0.512899944347	0.523645411489	0.60444769394	0.438817758067	0.55091601101	0.427352334952	0.415761997272	0.323792103581
