	103	117	133	134	137	138	155	156	161	162	163	164	165	167	169.1	170	170.7	171	171.7	172	172.1	174.1	175	176	178	179	180	180.1	181	181.1	185	188	194.3	195.3	202	205	206	207	208	209	210	216	217	220	221	226	228	229	230	231	233	234	235	236	237	26	27	29	30	34	36	364	365	366	37	375	376	38	380	381	382	383	385	386.3	387.3	388	389	39	392	393	394	395	406	407	408	409	43	44	45.1	51	52	55	56	57	58	59	60	61	62	63	64	65	66	74	76	86.2	88.2
103	0.0	0.258682428404	0.137496238067	0.148589856955	0.251449848374	0.292004153771	0.162969736348	0.144147734115	0.158964624862	0.14675354638	0.214010658275	0.147641657347	0.193922049942	0.215485479686	0.249616168848	0.186256772926	0.173013619495	0.273107437628	0.166212524726	0.123359528681	0.183654033983	0.17449402436	0.266792756912	0.171815438394	0.113880030993	0.173949020252	0.151365901976	0.157925712282	0.231340762692	0.200126435135	0.124447239198	0.147208611471	0.166251685157	0.218726491618	0.160141254516	0.151898801258	0.21176558117	0.227290520115	0.147438555509	0.199332022472	0.299431666667	0.163993442226	0.16006621936	0.251013851908	0.118194988413	0.204954007914	0.128888096264	0.160745233752	0.212398081295	0.336947864125	0.21621071954	0.183092851934	0.152814126254	0.280709076741	0.278227306617	0.196390003474	0.208324480287	0.13265072233	0.121284168048	0.200337847864	0.203554032197	0.242951957454	0.14129819877	0.202383440589	0.191187868312	0.136149857441	0.165855145191	0.148264323346	0.200906696812	0.19247202327	0.155964523887	0.26484315608	0.195346016899	0.311453088871	0.159487027687	0.295972892387	0.132391560955	0.174697894183	0.224650915545	0.140140854977	0.169765855898	0.135603624341	0.206602790318	0.186607477859	0.190178642241	0.163878588689	0.158986772143	0.164949024578	0.170129758378	0.174147204562	0.160336625616	0.206179592786	0.123587361067	0.230262898628	0.190359494858	0.162329715884	0.19893566745	0.156420404744	0.152382298516	0.17166763018	0.192324704704	0.330719776469	0.149331443559	0.189028577913	0.208707068966	0.120332696781	0.16119952381
117	0.258682428404	0.0	0.253744025424	0.272875021738	0.378544319149	0.412599238187	0.205247049992	0.282886244945	0.298429410843	0.305749014898	0.340362872517	0.26223988217	0.294866521585	0.327318663366	0.355759787783	0.330597840101	0.305034186194	0.42161165414	0.318941741558	0.27792231287	0.340492776222	0.346198750548	0.399857830319	0.302709940168	0.278703095944	0.321630053134	0.293106014463	0.31629236087	0.249543595221	0.377953729056	0.280580593703	0.285953245792	0.327900151805	0.302849468214	0.250800397094	0.238413680142	0.313876769822	0.387149555737	0.247451305291	0.202376959627	0.37153539661	0.203332233562	0.299449728745	0.250002737426	0.278539018589	0.194135085857	0.275145162934	0.319628273721	0.32380056797	0.352490536001	0.367461679836	0.318300937063	0.266059543183	0.350782258724	0.35305808444	0.226147237381	0.220170822247	0.301369373643	0.272470714228	0.330525595094	0.326107636639	0.394077660427	0.318735702179	0.367629781568	0.356362383206	0.308622785604	0.31712473444	0.286710987539	0.332735389216	0.336697067117	0.319509730099	0.340654151056	0.341505465261	0.443108825892	0.301243063373	0.441605935156	0.304192742601	0.3315114989	0.366420132783	0.280360721973	0.277893570318	0.267005947557	0.350213286235	0.321120183384	0.344765012359	0.299574530046	0.342805616152	0.3368511056	0.300708771186	0.304230743732	0.22794398195	0.20917585136	0.256519727621	0.356055906444	0.357524167906	0.325353313132	0.373180611518	0.282764637577	0.290827689693	0.310812191326	0.211552639942	0.393183111319	0.303120647186	0.363866335227	0.352630236093	0.270545775595	0.328300054688
133	0.137496238067	0.253744025424	0.0	0.116970474678	0.235423186441	0.289491028927	0.140820490997	0.177742576357	0.187753910495	0.169548969826	0.200242572528	0.187256418155	0.209617029321	0.22627653759	0.239631228344	0.171056101797	0.197657555323	0.276251631622	0.184261942583	0.128566667545	0.191256572709	0.177309538026	0.272636087203	0.168345811785	0.100537588075	0.175475018832	0.139349416104	0.193181451355	0.194530928084	0.251991069399	0.111355751777	0.11234409672	0.158159905306	0.20553773299	0.182465588378	0.183311322148	0.259300158859	0.233638591591	0.120047853452	0.163494458675	0.31754969209	0.157641670384	0.184931269315	0.238453146309	0.145132474713	0.172976735204	0.172132561037	0.149499110645	0.216406616166	0.302851685946	0.212618869959	0.177733684466	0.153243079884	0.291581424227	0.302470411131	0.154607312814	0.178726036085	0.14388411055	0.137544966183	0.204289999584	0.167660254862	0.26296419365	0.160186755448	0.21860509959	0.184801050933	0.156359645425	0.145397159816	0.155546431201	0.18336474766	0.21079946982	0.181161038638	0.298438335563	0.223012242042	0.306849490292	0.1665022669	0.313470248627	0.159826330025	0.188470375426	0.255833001677	0.139789500675	0.0880627518674	0.10953394995	0.206409802617	0.197405338057	0.192351013418	0.180098356125	0.19853186989	0.180063569281	0.205550183218	0.197609719721	0.176998510896	0.167349294715	0.133414188825	0.266320535541	0.203571803697	0.192197519363	0.243921929892	0.135334916156	0.154787097458	0.153675161198	0.199552338872	0.354034720211	0.160723905101	0.218698774557	0.250947451223	0.144732364326	0.164814201177
134	0.148589856955	0.272875021738	0.116970474678	0.0	0.228302427451	0.303851846378	0.159861432777	0.178418450149	0.200608106144	0.186654201588	0.240905672634	0.209182423586	0.186346930376	0.247578570805	0.216337262392	0.183602567677	0.217828650399	0.253735372037	0.205437486213	0.128471109779	0.205738905347	0.173839509357	0.292157157885	0.186214872551	0.107894265209	0.17393815337	0.152660399136	0.197362648078	0.21143020896	0.263776949027	0.12443193883	0.128403835384	0.181753345996	0.229671320406	0.174256260092	0.187228358406	0.283933263381	0.246792587213	0.130117641747	0.188271902982	0.335705572879	0.162818861314	0.199679216666	0.226621736233	0.162734771559	0.212728823943	0.18527668951	0.160624682636	0.218842660255	0.289583087013	0.192536721858	0.181193834946	0.170556575821	0.292237210126	0.311700924492	0.173761049076	0.200519258661	0.131820176983	0.129816958195	0.208516336457	0.152855594799	0.26300900682	0.136032484485	0.208821792077	0.188664939778	0.163535097641	0.156345156183	0.161131600579	0.182108916554	0.201924012702	0.18447319587	0.31254245382	0.199774216478	0.294513694874	0.169706698108	0.283713147375	0.178276644169	0.195156865589	0.2771157208	0.130476696787	0.115242323618	0.132522863044	0.208038365882	0.202300064446	0.20195224762	0.18824566656	0.209296141459	0.194155076051	0.19028267655	0.199811281991	0.173995636598	0.201138897598	0.157060777457	0.293214091178	0.22234606775	0.191513221755	0.238711972582	0.173524627873	0.180808190742	0.146952620758	0.207846540252	0.359993164319	0.173379814771	0.219039415023	0.259312087803	0.133695689717	0.179542344541
137	0.251449848374	0.378544319149	0.235423186441	0.228302427451	0.0	0.302568101271	0.303243916219	0.254624852576	0.254561788837	0.240448298414	0.245206899621	0.247192233148	0.221891009489	0.255263780704	0.16447555107	0.236281981377	0.215466130623	0.167668297529	0.216430244598	0.19798823221	0.281916797718	0.213956137515	0.324278661315	0.227908175662	0.234225897796	0.212041699932	0.232660797534	0.226835221813	0.278617425384	0.273789482595	0.230536120433	0.227638174352	0.201216920444	0.232841632445	0.244229211246	0.22441487881	0.300818162164	0.230743263093	0.256012725221	0.274162807634	0.349254207092	0.264952481984	0.249915638981	0.271486894061	0.227772708819	0.332354697245	0.260155142477	0.215076416982	0.200382352668	0.235440918854	0.114257368599	0.191779331198	0.239750312452	0.276185019399	0.300168815219	0.326570122866	0.327309638755	0.209717392063	0.225719698138	0.228698030164	0.156597894636	0.230782522494	0.205403982433	0.207523791616	0.227994764661	0.190544972736	0.207243212508	0.246591137505	0.219787025042	0.223993569113	0.22366314097	0.287543898096	0.219692751311	0.17226175021	0.202508347944	0.210478984951	0.212021647779	0.256376009583	0.266353127546	0.240578506208	0.239476019182	0.232074213517	0.138866394252	0.242406584583	0.221144894947	0.236042886847	0.264746858573	0.214257764585	0.240900825142	0.204365756981	0.282017779497	0.306421739222	0.245156620665	0.303517343425	0.255268025383	0.218440539744	0.25998767795	0.249207148936	0.244973738619	0.171672844174	0.34021605977	0.310186084786	0.218102238559	0.249802944995	0.259437595316	0.222237454945	0.219593739231
138	0.292004153771	0.412599238187	0.289491028927	0.303851846378	0.302568101271	0.0	0.361431495423	0.264875121433	0.257823131928	0.267472913619	0.261850395088	0.246064769894	0.263942945667	0.249801178673	0.307486581835	0.254920935337	0.219786864894	0.294216341075	0.22518844523	0.279180103809	0.286544963384	0.240938478388	0.243490482089	0.244643125753	0.275997030982	0.235228996438	0.302594327542	0.241905298498	0.298831335517	0.274981474784	0.308255590481	0.28223825818	0.274137220618	0.267055034678	0.297599160525	0.321208492145	0.270301022882	0.274046350027	0.309412444411	0.334153562287	0.284262512367	0.318946287127	0.260383410675	0.287006180548	0.263919509005	0.371627996177	0.271741134844	0.231528133615	0.223336473011	0.354773571935	0.277239536201	0.260351538369	0.269541474033	0.254917071399	0.258243959826	0.376258449792	0.365668375698	0.266979438361	0.29777525457	0.272869301795	0.289010768925	0.302722271944	0.263144028953	0.302250228894	0.253208646751	0.266037436403	0.255261208924	0.263766616676	0.24338810114	0.323276925716	0.262196786629	0.272470716757	0.271217007778	0.290872234964	0.258780995193	0.324488994287	0.223901710943	0.250448277273	0.264486199524	0.299957104835	0.281519752255	0.289718662482	0.276700944926	0.304383764023	0.238678994405	0.298451863757	0.28126307275	0.278256867988	0.272640422908	0.247231338063	0.30326669313	0.353369364539	0.29012746534	0.269048649305	0.233630809725	0.272004864791	0.308381467033	0.281050597699	0.285964096166	0.282263804308	0.39762650537	0.229588286308	0.253156632526	0.285433990222	0.270994657991	0.29178457039	0.24347883575
155	0.162969736348	0.205247049992	0.140820490997	0.159861432777	0.303243916219	0.361431495423	0.0	0.172841837579	0.231082699382	0.203162205957	0.262847027453	0.213404000677	0.234684275272	0.266610483885	0.290423143181	0.23523498004	0.240889595859	0.33763241363	0.242005033239	0.174592876493	0.24585751731	0.247209841544	0.314781575458	0.227198083245	0.159762399269	0.229276424686	0.181623733939	0.222697938971	0.21081242221	0.295191995868	0.163758350497	0.173861466665	0.217687936395	0.245054671337	0.174136865197	0.18589485093	0.263453692084	0.303242216332	0.142603338098	0.178818964092	0.353459023343	0.136244107909	0.211993387795	0.241643795259	0.179973053508	0.164260354721	0.183285683464	0.229771725117	0.2559218081	0.325981686575	0.281042168628	0.234102566021	0.184491176836	0.305096899372	0.322411767851	0.130292066798	0.131479400679	0.185658360818	0.158616400437	0.237092556376	0.237324015935	0.307266428023	0.210502664085	0.263617966635	0.238911204492	0.21075377818	0.21359499123	0.182369403553	0.247104019348	0.234948931222	0.223080797109	0.328353199542	0.239198346937	0.373725316261	0.212235216864	0.360295177318	0.215087498501	0.236582190258	0.304850532776	0.162252356953	0.172505943282	0.176829740758	0.262955733925	0.235540879425	0.260754271297	0.219067234961	0.221682676034	0.226488457384	0.204562030656	0.239260469136	0.177060003468	0.152693180248	0.167648157969	0.294645308435	0.257776172194	0.208140563798	0.265518463211	0.189540463255	0.197020699831	0.215583244031	0.126118263997	0.385241334715	0.204828542285	0.244949075651	0.266562495048	0.165759363533	0.23018344718
156	0.144147734115	0.282886244945	0.177742576357	0.178418450149	0.254624852576	0.264875121433	0.172841837579	0.0	0.181241615152	0.155249553817	0.236650643393	0.136251955687	0.158136584747	0.231801294416	0.219532195748	0.189243232602	0.186577979516	0.260105758141	0.189316622201	0.157539543754	0.235668716325	0.195987953346	0.259257699036	0.17474009604	0.15189141579	0.152911806462	0.186893193191	0.129215524535	0.189949582805	0.232765305005	0.189467403125	0.181521303945	0.208095654381	0.190155035489	0.156797318709	0.176354602998	0.212364364817	0.232699962807	0.157907597809	0.188157433316	0.291069176988	0.174768553142	0.167635227713	0.21356087007	0.145436237514	0.230288145045	0.147810799039	0.179990224631	0.157965377166	0.286133542647	0.231494652442	0.194114029074	0.135964377212	0.245929420275	0.220523434628	0.210871270291	0.206810616688	0.172969794502	0.170801372877	0.190101239913	0.209313054239	0.266511350102	0.142284722226	0.22383709178	0.22848213198	0.159608461226	0.191056725169	0.16190687478	0.211677177221	0.232664296576	0.160596339524	0.272229515095	0.162862502193	0.311874964224	0.152299401355	0.305974355401	0.145345583362	0.178579056393	0.254693913244	0.162638357561	0.177759588401	0.188377049925	0.210074244086	0.213403571607	0.191802130129	0.189788719139	0.180528220663	0.183881233128	0.145022624044	0.171749374339	0.172494616982	0.230998462964	0.162891519039	0.241508909748	0.223928367323	0.182676064484	0.210350857753	0.186550038341	0.18927750546	0.185851125332	0.216554507247	0.301542714716	0.163250124629	0.203499715765	0.197276934304	0.154193376479	0.188212774374
161	0.158964624862	0.298429410843	0.187753910495	0.200608106144	0.254561788837	0.257823131928	0.231082699382	0.181241615152	0.0	0.112488959297	0.182910622531	0.170790874265	0.160252262541	0.192738562661	0.22850597247	0.164935374249	0.143771147082	0.238953943152	0.155142396995	0.158205816838	0.185231402918	0.172799562829	0.24481331377	0.145961267276	0.158073012965	0.141471992825	0.198904535369	0.16436219277	0.210569815925	0.222393113887	0.178284712966	0.181885720347	0.177346443419	0.226271996212	0.129184659491	0.147804085987	0.178957566184	0.218064727345	0.173067842466	0.184347135473	0.251317086301	0.195466395627	0.111132408676	0.231501188936	0.158233807446	0.219192674265	0.158723173924	0.160472710344	0.188314395105	0.355942948705	0.217925784081	0.16850445095	0.155441955875	0.228300856567	0.220352534144	0.232462464248	0.213994794152	0.152906513083	0.17406503721	0.199235385968	0.231211054076	0.249473979248	0.147623162045	0.234883109167	0.177852499652	0.16490705435	0.151975283817	0.12008211017	0.179373951208	0.212203265933	0.156764860904	0.207773695626	0.193702055086	0.278906314399	0.131015354883	0.305879297528	0.118160638264	0.16245131784	0.230167092704	0.168985329348	0.192698311805	0.166221274537	0.191090120823	0.174968833932	0.15174644335	0.173981386986	0.151649130943	0.166166959946	0.142867783137	0.1624596001	0.182610396282	0.207443690068	0.136165925495	0.195554683332	0.197300089121	0.195439329804	0.199743277553	0.175838846546	0.201466927764	0.217761502584	0.256698903659	0.294017231534	0.128343680215	0.169642578222	0.199759120372	0.170415872434	0.158796153755
162	0.14675354638	0.305749014898	0.169548969826	0.186654201588	0.240448298414	0.267472913619	0.203162205957	0.155249553817	0.112488959297	0.0	0.154081672854	0.161606781144	0.143173174394	0.216466145866	0.238448479189	0.147432696162	0.127690259081	0.217159519892	0.127991231916	0.128622509524	0.155011826918	0.158038167239	0.269413159496	0.118733884003	0.147769010805	0.148682206551	0.169438459424	0.135047234816	0.212420338597	0.165736683062	0.152946143113	0.163203108954	0.147732315425	0.212438783878	0.138046156961	0.154689060725	0.165469892531	0.175941550833	0.162667877117	0.195620071686	0.269651116773	0.193327180789	0.0951481105313	0.255988336486	0.157363161599	0.229615215725	0.148796462125	0.146065887434	0.164676891494	0.333353491213	0.20749334553	0.146565687967	0.164594073134	0.201678693706	0.214692670473	0.234320424687	0.225406464968	0.13244029235	0.141570349247	0.171738437769	0.211661111952	0.200619088633	0.132579725097	0.17115514862	0.158295633548	0.139683455069	0.142339280796	0.140642860266	0.164476724227	0.164815649426	0.12309738778	0.221935232875	0.154641931849	0.257870674749	0.128799091732	0.256117236956	0.105803216891	0.161652168603	0.195074449062	0.148160722169	0.172869517591	0.15398018816	0.173860972749	0.135537389579	0.123273652468	0.128459530255	0.102911063694	0.137978284804	0.136635786534	0.140811308884	0.197705457854	0.225459629358	0.145283112351	0.189688675748	0.169668435952	0.172539578805	0.16295229987	0.143327382437	0.174580386424	0.201222889702	0.250782172938	0.276843693467	0.092474637814	0.149176113745	0.165620804842	0.142637185424	0.116613379875
163	0.214010658275	0.340362872517	0.200242572528	0.240905672634	0.245206899621	0.261850395088	0.262847027453	0.236650643393	0.182910622531	0.154081672854	0.0	0.197154763813	0.204038159189	0.208547935674	0.262219300936	0.155462483927	0.148123602987	0.221637075536	0.135706542541	0.175567635395	0.178783777807	0.161957479357	0.30876262173	0.155878721563	0.208281752082	0.185157380709	0.186621116669	0.191741626089	0.238238546992	0.157762442122	0.202384219217	0.187175283926	0.164546906909	0.205198079614	0.203239942156	0.219298079713	0.180405974013	0.133911062176	0.201967575191	0.25515172388	0.245689074847	0.252511184733	0.149946494567	0.286547522312	0.193981816	0.280409124912	0.209456422911	0.146715094031	0.193199604083	0.348355811988	0.21181324066	0.168620231106	0.216370759172	0.189013947131	0.224953796404	0.284953306647	0.284553500121	0.171747778107	0.191010290084	0.198441755852	0.217883713464	0.151860191069	0.180224184183	0.180562521915	0.150796833484	0.182391491913	0.139844028713	0.204522946914	0.148853692689	0.195624991255	0.170000302823	0.250187660209	0.211953177758	0.237941040585	0.184373703864	0.226784412261	0.168231315522	0.179952794377	0.184934016929	0.203509005078	0.206933278915	0.185849818477	0.203671787517	0.171280722116	0.144667050102	0.167662900516	0.154367168892	0.174741846852	0.189870671174	0.184361156218	0.250471403474	0.260203880974	0.214144755727	0.179284181373	0.146300421196	0.186611739546	0.176950763385	0.170612297024	0.186158642995	0.207286303626	0.315340295245	0.277295739588	0.127718384506	0.14220555999	0.156483512927	0.21955684734	0.132741696939
164	0.147641657347	0.26223988217	0.187256418155	0.209182423586	0.247192233148	0.246064769894	0.213404000677	0.136251955687	0.170790874265	0.161606781144	0.197154763813	0.0	0.142690237206	0.194845527309	0.20502618211	0.182897865275	0.142716317856	0.2548831717	0.149460940359	0.176965205397	0.230192364277	0.186101304067	0.255590116883	0.164916401413	0.163867057754	0.14969994852	0.19011045794	0.139412839375	0.162063174737	0.206239235826	0.206026599598	0.170800417346	0.20659971824	0.162057607751	0.158077787001	0.184687278529	0.170271520059	0.206577610938	0.178978552333	0.198437765968	0.275075863664	0.176108795266	0.178363566337	0.178984866607	0.146845432771	0.236715487422	0.14355318077	0.17179869709	0.132455510762	0.2756624098	0.224863362494	0.18443433159	0.134174229149	0.21355483404	0.20829009009	0.239099518612	0.225173673351	0.192086244087	0.191676535791	0.162843325143	0.204615560533	0.236418991305	0.174504546459	0.214538682313	0.224787832121	0.179031831052	0.191003430293	0.154983090546	0.188957501617	0.256384847275	0.17912462192	0.222491194247	0.179614507227	0.28246031647	0.167291547622	0.287232543188	0.158576874076	0.168673804644	0.223115462334	0.184149757598	0.19425648044	0.182379042431	0.20309244237	0.224435609462	0.177742880537	0.217894494608	0.173933547606	0.16733339367	0.169908886668	0.147653959037	0.156667340197	0.197375050478	0.164330722098	0.206057829504	0.198906095306	0.184094613397	0.210226129709	0.17048961536	0.167938203872	0.178851803832	0.245938818061	0.275657510224	0.168583845331	0.199304615496	0.177160525336	0.17755419971	0.187382602775
165	0.193922049942	0.294866521585	0.209617029321	0.186346930376	0.221891009489	0.263942945667	0.234684275272	0.158136584747	0.160252262541	0.143173174394	0.204038159189	0.142690237206	0.0	0.201310823818	0.190040123447	0.175865780045	0.156779799633	0.23992733928	0.166856000459	0.159813036027	0.207090442357	0.183711130776	0.272070086396	0.159480766473	0.176974934233	0.152220019357	0.195950713988	0.151930340567	0.174020649802	0.227228035203	0.197217928515	0.182162615024	0.20635017255	0.189551107095	0.143160923345	0.162181535808	0.191084745723	0.206425547239	0.180213127178	0.191055498963	0.271933757724	0.207856536068	0.172650553853	0.200226601049	0.180794122598	0.253248900668	0.171736272503	0.182122270735	0.149506345811	0.303575689298	0.201073345621	0.162488873465	0.160577543693	0.197012288276	0.19450833935	0.249535603726	0.252827405368	0.156077910034	0.174490625251	0.186125435198	0.205359405933	0.250735120478	0.162684238469	0.220410685324	0.202825024939	0.17115097561	0.167871304222	0.158650533397	0.183056532841	0.224163489985	0.170924263256	0.204551781772	0.177031926346	0.279899569784	0.151037698256	0.265671794425	0.15213017205	0.177370225993	0.244654415305	0.164269493206	0.191099633874	0.18557525247	0.189601399462	0.186504699358	0.159902179334	0.176124743823	0.177310323427	0.164929282904	0.14045294879	0.156848120009	0.190487578397	0.235066101802	0.171996393782	0.207872588528	0.202387596532	0.189656393573	0.230278831763	0.190349633034	0.182505944312	0.19913717956	0.26805033869	0.259174816767	0.157584984962	0.190332646599	0.178622708555	0.162550303492	0.180761044695
167	0.215485479686	0.327318663366	0.22627653759	0.247578570805	0.255263780704	0.249801178673	0.266610483885	0.231801294416	0.192738562661	0.216466145866	0.208547935674	0.194845527309	0.201310823818	0.0	0.268018342887	0.203299490942	0.212844739096	0.283893883428	0.210418104613	0.194454328012	0.234480212082	0.205283642895	0.23300319813	0.233649467463	0.217784780941	0.198978606789	0.213905480162	0.228562433409	0.227724079689	0.228568022355	0.213349169594	0.204553772852	0.195224022385	0.196757883061	0.208769405233	0.216180162898	0.206765099937	0.249937470107	0.218646829268	0.240624221827	0.279638706931	0.245062790669	0.190110776174	0.261235359629	0.206439580805	0.240113535465	0.167682303454	0.206808768946	0.214897605325	0.374027597926	0.253365674565	0.218082449164	0.238230109069	0.245273690448	0.25535115244	0.294330431128	0.273208021931	0.212975258649	0.229536170268	0.224130649038	0.244564573783	0.261396925521	0.213685398557	0.242146137983	0.209778043675	0.215737867215	0.203967230328	0.177351375703	0.200016586164	0.24881318706	0.218563583126	0.277838717735	0.223010640619	0.305478137338	0.219259242677	0.307926342671	0.192518580003	0.209135538256	0.254443143167	0.219693207768	0.234460868275	0.206657203029	0.226184310959	0.241211212195	0.231935637376	0.228459835734	0.200239320326	0.188991189944	0.193447840259	0.18644611876	0.206078063521	0.242969344385	0.208671723136	0.209763221965	0.183563513693	0.204792657696	0.252723085059	0.202794086792	0.180020447559	0.212087935943	0.286656340216	0.269026180905	0.214543528629	0.194254402284	0.242835485198	0.235279810211	0.215965275082
169.1	0.249616168848	0.355759787783	0.239631228344	0.216337262392	0.16447555107	0.307486581835	0.290423143181	0.219532195748	0.22850597247	0.238448479189	0.262219300936	0.20502618211	0.190040123447	0.268018342887	0.0	0.223604316015	0.214950949545	0.190726290824	0.221429572999	0.207917992949	0.277178968244	0.199817937692	0.292731097118	0.212702985644	0.22966487589	0.17463189311	0.23746177563	0.203144803368	0.219113508868	0.292880804197	0.243953159945	0.225273508079	0.221105901722	0.200446492868	0.205789615354	0.205945963072	0.29357459647	0.257298663914	0.219591427437	0.24912542625	0.315301690305	0.260606302754	0.241014985148	0.211194318052	0.225136332879	0.324740015167	0.245587132717	0.217740212546	0.177844614535	0.251216071082	0.19569383903	0.175987427745	0.204192351646	0.245743712808	0.252703424838	0.309318852775	0.294356135188	0.230897930406	0.224165049475	0.19149937309	0.174871261077	0.257739912005	0.195874675002	0.212535451182	0.240241248998	0.208333029344	0.214078240997	0.214422068447	0.219376470713	0.249664309978	0.208845887936	0.284872018467	0.165896836769	0.221271166718	0.166997175603	0.262321487593	0.227192358589	0.21477783419	0.291568838565	0.229451292254	0.218884124015	0.235228035522	0.166660853767	0.251416698227	0.198952880309	0.252008255792	0.250653701646	0.203887826442	0.186305336799	0.210739810927	0.280799241645	0.288732709488	0.23880026625	0.30990306442	0.270072990151	0.222200561908	0.245176559273	0.249235610155	0.249020815645	0.178060991019	0.313865157548	0.291324020379	0.221052174581	0.237606203334	0.229818658498	0.223331220547	0.214471509286
170	0.186256772926	0.330597840101	0.171056101797	0.183602567677	0.236281981377	0.254920935337	0.23523498004	0.189243232602	0.164935374249	0.147432696162	0.155462483927	0.182897865275	0.175865780045	0.203299490942	0.223604316015	0.0	0.172475464236	0.183951816041	0.153834470749	0.153998380664	0.123364923783	0.105988492737	0.276718206788	0.130893824272	0.163035535928	0.159036805127	0.124963561298	0.157088335505	0.212032548711	0.198790049954	0.151164881347	0.131457786071	0.130327244396	0.178322498059	0.172857176602	0.19888297516	0.198786437906	0.192005723344	0.185158386851	0.234517133619	0.277365351079	0.250804465035	0.147692719078	0.269655946296	0.177995481647	0.2690086533	0.185029066675	0.104518836325	0.191123252281	0.331704307051	0.185830670768	0.150589400351	0.187328660944	0.219124512696	0.240840551991	0.250315028131	0.261981654934	0.118493714062	0.129135993186	0.160871995062	0.178165992157	0.192748830846	0.140315015823	0.17170343002	0.105051619557	0.141960511383	0.0975226593948	0.161812128929	0.0987690069693	0.198275956909	0.136209570277	0.264122553578	0.178265289095	0.262416355514	0.151925980084	0.257133432474	0.14440424361	0.104705364929	0.225669734736	0.150080672819	0.144234706517	0.140605951926	0.1871168269	0.155868584935	0.146920288144	0.162668220651	0.15149183947	0.118905702351	0.155474558804	0.165025905838	0.230979855337	0.237018778319	0.203427238466	0.215416001648	0.150447361059	0.158913740794	0.179756687377	0.152546241773	0.149017974249	0.160630188945	0.295435728969	0.301826488076	0.130163451145	0.170727734971	0.196398717842	0.195229846659	0.139049724929
170.7	0.173013619495	0.305034186194	0.197657555323	0.217828650399	0.215466130623	0.219786864894	0.240889595859	0.186577979516	0.143771147082	0.127690259081	0.148123602987	0.142716317856	0.156779799633	0.212844739096	0.214950949545	0.172475464236	0.0	0.204208455865	0.0628964856807	0.171319397288	0.175099129651	0.157450152598	0.272123721955	0.118917310864	0.168813920887	0.115175276128	0.189762982173	0.136431077916	0.211716298293	0.173192088057	0.196224778194	0.183321850525	0.156396878333	0.205690580631	0.164820402584	0.17435897869	0.163649032836	0.162062633576	0.20182572613	0.206534262499	0.235123726265	0.199592760245	0.154786972672	0.210457132569	0.13246372745	0.252510118128	0.176892431504	0.146368586551	0.131698264982	0.310743994529	0.189085545143	0.130946398967	0.144458527346	0.180150450471	0.194691198891	0.255768765221	0.259372270956	0.16940357906	0.187928414111	0.181433475713	0.198787790783	0.203550786763	0.170791879861	0.18759164996	0.167430974545	0.154474942085	0.158323769012	0.158217172023	0.159761918844	0.189479145664	0.147599210176	0.172268518146	0.175935990471	0.224458316008	0.13842400628	0.23415838718	0.108688136654	0.171420810546	0.141480146253	0.18994577519	0.187451877706	0.177833509209	0.159787051201	0.174758399793	0.0948775216563	0.161897127788	0.152942804085	0.1654176605	0.167621636482	0.138083880966	0.197638711964	0.22875431687	0.155121971682	0.178966322456	0.156108130175	0.201479191287	0.195857473894	0.180877154311	0.195657068668	0.204897176774	0.275514893656	0.233603817946	0.110203932795	0.161104758966	0.135764470273	0.172238568896	0.104946077599
171	0.273107437628	0.42161165414	0.276251631622	0.253735372037	0.167668297529	0.294216341075	0.33763241363	0.260105758141	0.238953943152	0.217159519892	0.221637075536	0.2548831717	0.23992733928	0.283893883428	0.190726290824	0.183951816041	0.204208455865	0.0	0.193684886296	0.237727040794	0.223895542477	0.164724233629	0.327800129811	0.19478443523	0.260584737208	0.202307004146	0.253321319635	0.227241175306	0.295313590851	0.224197423158	0.255878866181	0.237984669702	0.212027523613	0.251864500831	0.264058842011	0.267145677313	0.256412967745	0.206845925528	0.286940497329	0.312488284348	0.302898954279	0.315214246377	0.228234180672	0.288783379057	0.267895401706	0.372978886247	0.274324461774	0.215992360711	0.207305039434	0.258973349703	0.140703944679	0.202089445345	0.245466489482	0.24054240527	0.23920957807	0.361467278346	0.346734911295	0.224310578218	0.243307803869	0.208640233129	0.183953198204	0.188911405763	0.204501692481	0.168205819163	0.213535349406	0.220814451336	0.210121529121	0.255904726062	0.209170152622	0.229821755587	0.203136477235	0.281344704148	0.195777082509	0.128172333596	0.193130156563	0.197394755472	0.219887996298	0.202133579244	0.265305173773	0.24811369963	0.254274813458	0.265824651938	0.154957663276	0.22699341069	0.18464162889	0.237782066876	0.22417447344	0.204612623419	0.236465033947	0.194437521273	0.317133708294	0.337818087794	0.280994620976	0.268971707147	0.215836447605	0.243222180822	0.216795937143	0.259050963177	0.277294411246	0.201854085243	0.389376733381	0.317096678184	0.196951854908	0.204492242992	0.215492481854	0.249956704393	0.191511735326
171.7	0.166212524726	0.318941741558	0.184261942583	0.205437486213	0.216430244598	0.22518844523	0.242005033239	0.189316622201	0.155142396995	0.127991231916	0.135706542541	0.149460940359	0.166856000459	0.210418104613	0.221429572999	0.153834470749	0.0628964856807	0.193684886296	0.0	0.157372143281	0.154062024267	0.130120289812	0.277243360998	0.125381290551	0.160764875554	0.120086942599	0.177463829344	0.133950719343	0.203977395833	0.160941325937	0.190248417546	0.17073972974	0.148574295248	0.195773956154	0.172972140089	0.179735025403	0.1605104551	0.155962195438	0.187188231235	0.21599951877	0.236782302326	0.217998518372	0.150490666386	0.230351293728	0.13340478057	0.258639967976	0.168817233527	0.128409706368	0.144971008185	0.307763415804	0.183751389949	0.135767405185	0.150494741036	0.194668881213	0.199367227111	0.253363972016	0.264414535717	0.158147927881	0.177805102303	0.175617574805	0.185751957043	0.184896964017	0.154405666517	0.171572279169	0.148758887971	0.154996131582	0.148062873082	0.152604703673	0.141282863837	0.190579937587	0.150358924648	0.19069751938	0.179239814766	0.217462783284	0.14138343896	0.232016763904	0.118477755553	0.144322669389	0.149880305725	0.18031993922	0.163972743093	0.164376446512	0.17387033538	0.166086329267	0.102893069283	0.156852302237	0.1435719886	0.158573541242	0.170142670324	0.137683309714	0.20336701047	0.225653946093	0.166542467463	0.185766242188	0.146667666939	0.188517284866	0.193754709302	0.165071345868	0.186841792636	0.192133000083	0.275306722001	0.243037126524	0.102648365694	0.165073764315	0.1442792333	0.174109162294	0.104476793256
172	0.123359528681	0.27792231287	0.128566667545	0.128471109779	0.19798823221	0.279180103809	0.174592876493	0.157539543754	0.158205816838	0.128622509524	0.175567635395	0.176965205397	0.159813036027	0.194454328012	0.207917992949	0.153998380664	0.171319397288	0.237727040794	0.157372143281	0.0	0.171325051522	0.154697950859	0.289016920546	0.156271793779	0.117448337235	0.144028963507	0.14378183959	0.159404997802	0.211792146963	0.202503335984	0.118130284358	0.145483380962	0.127017561681	0.188005577522	0.138272124402	0.122733460656	0.218414782897	0.199914401086	0.135506459914	0.175417725391	0.276743519298	0.182271235576	0.14466522415	0.241869522863	0.140225428114	0.213468299631	0.15032550994	0.134674916156	0.175611200984	0.313460306552	0.174231024451	0.143132661333	0.17715722936	0.23188219969	0.254745401239	0.21262881132	0.222579940492	0.108698074835	0.103656663715	0.177365863184	0.168499226343	0.21539465555	0.112005506563	0.168452918965	0.173422029607	0.0958385418091	0.117414400074	0.14858233884	0.163307634078	0.157435949212	0.138602054695	0.26440030622	0.165456124809	0.268844799113	0.125187935291	0.263424304303	0.127467967623	0.16938763724	0.231732799043	0.138543500695	0.147843911135	0.122992369603	0.165551385656	0.149373266792	0.16329062799	0.0964046082536	0.15932712412	0.150822495976	0.130986926511	0.156647109375	0.185716654135	0.216140918062	0.144241733755	0.220773010982	0.180698450292	0.143249158917	0.195082873804	0.174971739031	0.153515817987	0.145689210782	0.210611964713	0.287544535116	0.120870142074	0.175952988935	0.200600472684	0.131567503779	0.13015117272
172.1	0.183654033983	0.340492776222	0.191256572709	0.205738905347	0.281916797718	0.286544963384	0.24585751731	0.235668716325	0.185231402918	0.155011826918	0.178783777807	0.230192364277	0.207090442357	0.234480212082	0.277178968244	0.123364923783	0.175099129651	0.223895542477	0.154062024267	0.171325051522	0.0	0.14744123733	0.309598004741	0.146096905587	0.164312390528	0.18758463354	0.152640471209	0.195613700331	0.270783773853	0.193853970516	0.169731913318	0.169270867587	0.156224217391	0.251150365599	0.183066539337	0.206514695163	0.2139887064	0.207397224359	0.204127601803	0.260730394398	0.273861162319	0.264919275273	0.155530738607	0.313959170113	0.189406082983	0.268698878118	0.184254725932	0.141730714073	0.237686733058	0.370130580821	0.219737090255	0.177416982858	0.2264272417	0.239101523018	0.273018784959	0.24595135348	0.272234066386	0.138117665201	0.15419950439	0.206009342093	0.233239814717	0.210220567813	0.163779595887	0.179521699622	0.121261533363	0.181353792584	0.142547209588	0.187284461607	0.158699986156	0.191780900036	0.173414569545	0.272418312738	0.207181808269	0.283502664015	0.187394272718	0.275706994445	0.160563581888	0.156128350703	0.222999661242	0.169627466786	0.170312731446	0.160544059676	0.219749533244	0.145264500594	0.161567869565	0.157910035738	0.136914295823	0.15317677219	0.190484316085	0.180525218976	0.238139247318	0.243898467868	0.205661322962	0.208455515291	0.152926995423	0.18415067802	0.179471611495	0.158822680389	0.166415217813	0.202338087679	0.294052597921	0.33860479732	0.133354963426	0.154655122283	0.211950882488	0.204622855795	0.137124309203
174.1	0.17449402436	0.346198750548	0.177309538026	0.173839509357	0.213956137515	0.240938478388	0.247209841544	0.195987953346	0.172799562829	0.158038167239	0.161957479357	0.186101304067	0.183711130776	0.205283642895	0.199817937692	0.105988492737	0.157450152598	0.164724233629	0.130120289812	0.154697950859	0.14744123733	0.0	0.282913101392	0.14429359345	0.157406846315	0.130644185916	0.162170050066	0.15379346201	0.233851326555	0.176121181906	0.160374819621	0.142354175357	0.146199286887	0.184284658752	0.195424112752	0.212565061456	0.214029768431	0.185419193111	0.184550283058	0.255634294458	0.277210974288	0.256075816433	0.153502290833	0.259463521608	0.169085166902	0.278566573999	0.17825876071	0.114478007135	0.179358857581	0.309856648104	0.161076246795	0.147917260915	0.174427443902	0.229145786048	0.236563276497	0.264322182782	0.267740446069	0.127682022874	0.149052916587	0.152774663127	0.161692260983	0.17307825203	0.124860256764	0.157136367781	0.116963881836	0.146569730707	0.11411339755	0.174778736067	0.120256723794	0.198701885613	0.127533584842	0.273083405532	0.161052995906	0.228404476013	0.132076118302	0.236517068287	0.140837659432	0.110787135153	0.213081578284	0.161796582561	0.144906217193	0.156403506444	0.155774524067	0.174856904855	0.1366353271	0.189489420522	0.15268864472	0.130687579225	0.152866001806	0.148772442066	0.234611186259	0.2619154619	0.196350270062	0.228055382244	0.14924563223	0.165749509353	0.180526071074	0.16289590637	0.179142417645	0.145750034738	0.298007138419	0.299694211015	0.130689592117	0.170216412717	0.178501432213	0.193092348663	0.130612588166
175	0.266792756912	0.399857830319	0.272636087203	0.292157157885	0.324278661315	0.243490482089	0.314781575458	0.259257699036	0.24481331377	0.269413159496	0.30876262173	0.255590116883	0.272070086396	0.23300319813	0.292731097118	0.276718206788	0.272123721955	0.327800129811	0.277243360998	0.289016920546	0.309598004741	0.282913101392	0.0	0.254892878267	0.259778623938	0.268741320883	0.275897045655	0.271227880748	0.256483038904	0.318539167989	0.281607965337	0.26950007067	0.293034564571	0.269309182263	0.28096258444	0.287553334045	0.29572601952	0.320098318201	0.269947534228	0.283892804951	0.338306816109	0.285895121365	0.259706221914	0.288328287375	0.268446557591	0.325962609787	0.261375001881	0.268299457041	0.256806208594	0.382323016647	0.303892377541	0.297660189538	0.252778163258	0.278426281106	0.292767132858	0.337671276911	0.298862281515	0.284558356125	0.280100304636	0.286181041623	0.293384031301	0.326105876843	0.285475576748	0.331721293538	0.278019684581	0.284424799884	0.28292016834	0.227157664395	0.292817021504	0.328681526316	0.280587421907	0.322732024392	0.295438152743	0.368549018155	0.255127544322	0.36889226306	0.267608307298	0.266794319362	0.325726266922	0.264570297398	0.271568689154	0.277803455587	0.296315845641	0.316908828793	0.267193035161	0.299353671215	0.274831837743	0.281935690131	0.257308590895	0.281572936706	0.293134852508	0.320162668631	0.261231650353	0.283325814814	0.282156612426	0.28951181395	0.31463591247	0.271550632761	0.295932331093	0.289600329148	0.337420783237	0.275630001868	0.286949190661	0.285091981983	0.282865688107	0.256968180028	0.275588818009
176	0.171815438394	0.302709940168	0.168345811785	0.186214872551	0.227908175662	0.244643125753	0.227198083245	0.17474009604	0.145961267276	0.118733884003	0.155878721563	0.164916401413	0.159480766473	0.233649467463	0.212702985644	0.130893824272	0.118917310864	0.19478443523	0.125381290551	0.156271793779	0.146096905587	0.14429359345	0.254892878267	0.0	0.15375323604	0.137357356383	0.164270019059	0.134814830156	0.212771082885	0.19231910275	0.169725170757	0.164240751081	0.139379977341	0.198121396354	0.14965336637	0.165037537094	0.185320480385	0.161226996531	0.184650692732	0.205057977528	0.26356421366	0.211928361615	0.13273273316	0.240065022246	0.156218802267	0.270513690095	0.184361250331	0.121745852465	0.147580049852	0.314161111676	0.184527464864	0.129389498248	0.149301825438	0.173036614896	0.207481957838	0.238032956693	0.236991228297	0.133362587273	0.141128682489	0.16795241421	0.196234224243	0.183442632882	0.136592010332	0.166469955126	0.145024879484	0.128459759446	0.127904278378	0.159736911102	0.146316178003	0.175626191537	0.130088420608	0.215108842887	0.159688860609	0.242027808991	0.113858342686	0.236624403863	0.124968100673	0.141264254351	0.186120154651	0.154641757233	0.173305836983	0.148919563527	0.155734762965	0.134837403398	0.101244258189	0.15127273031	0.135664787109	0.159337566122	0.159114475125	0.148109125777	0.206571015966	0.244123252476	0.183473459948	0.201965608548	0.167875557705	0.167781825355	0.160043868318	0.174366255153	0.18774322778	0.182472519795	0.26722210812	0.280197621067	0.114468392182	0.168058444207	0.158228636937	0.157893978331	0.104101311892
