	103	117	133	134	137	138	155	156	161	162	163	164	165	167	168.1	169.1	170	170.7	171	171.7	172	172.1	173	174.1	175	176	178	179	180	180.1	181	181.1	185	188	194.3	195.3	202	205	206	207	208	209	210	211	216	217	220	221	226	228	229	230	231	232	233	234	235	236	237	26	27	29	30	33	34	36	364	365	366	367	37	375	376	38	380	381	382	383	384	385	386.3	387.3	388	389	39	392	393	394	395	406	407	408	409	43	44	45.1	51	52	55	56	57	58	59	60	61	62	63	64	65	66	74	76	86.2	88.2
103	0.0	0.433886991349	0.246819673103	0.24234384137	0.448279834635	0.486340602007	0.31484259102	0.320533248858	0.332055518605	0.277874990261	0.352239033424	0.288820362507	0.31648038418	0.589841092485	1.13138621618	0.459520228637	0.358162240843	0.315731763534	0.495413655305	0.29960001647	0.321523901589	0.33887953462	1.08607033451	0.361066625718	0.62148103815	0.282151489038	0.26516285183	0.320999345145	0.289362769066	0.295128016211	0.414212613151	0.350402242186	0.255582214036	0.275668221685	0.297296922531	0.450530461773	0.25586710157	0.274150996825	0.363400108476	0.40707095347	0.271685338674	0.359850675158	0.591836732575	0.896325357919	0.30737518331	0.279852870573	0.467489898001	0.294453898812	0.352583791753	0.231734768859	0.307204738068	0.374931030552	0.625862339482	0.352023735686	0.430818060246	0.347441178464	0.295271252898	0.44789470173	0.461856532567	0.343185637101	0.374586671962	0.286294166738	0.247399704344	0.255629971812	0.374811367287	0.367509724664	0.382390120539	0.264163340092	0.323242027814	1.05706428689	0.386686427269	0.214445014366	0.277476524191	0.299545147808	0.316608339775	0.321405747351	0.225011999485	0.396787070054	0.745330834745	0.332257494274	0.558548989458	0.274075391423	0.498317376288	0.225236491024	0.337020816463	0.362221382905	0.242752832297	0.274882240772	0.237823699405	0.360293302718	0.265630323455	0.30392971096	0.295111849632	0.290761837265	0.277598763583	0.355805675086	0.331127917568	0.315125844916	0.358924505374	0.245336148811	0.429866256812	0.328374016794	0.305739326555	0.338509746105	0.323611003742	0.340385947005	0.276209998754	0.34901423606	0.542881041185	0.246169682027	0.393247418854	0.383558217626	0.277235818778	0.303578680453
117	0.433886991349	0.0	0.445989321929	0.422226699003	0.652026121106	0.647919322806	0.44346279589	0.550715013646	0.554884930054	0.524971262821	0.577100377177	0.458982725507	0.489971835235	0.792555995656	1.1304213044	0.625982316636	0.605045600407	0.523666452877	0.731804218625	0.539780720604	0.590814115389	0.603580040467	1.06218909437	0.601300058842	0.84367200048	0.535036580916	0.495866707379	0.547991334801	0.518803366385	0.548703683883	0.461917837326	0.625033941554	0.491665866509	0.489475745264	0.546080358125	0.534592534617	0.454464880109	0.478319942998	0.593151335332	0.665312342599	0.4477346935	0.416541270694	0.743462195527	0.974577086192	0.369189582557	0.515399596302	0.490821890288	0.500941291676	0.383184268376	0.471664393703	0.561448404155	0.573168688973	0.674426799922	0.541457563027	0.657107457643	0.558823367854	0.478288757077	0.577718736406	0.622704078457	0.44830426912	0.466403413352	0.568556065299	0.515532111338	0.502537444191	0.586169951013	0.571673787267	0.600679174409	0.543349529692	0.617163658987	1.13169453525	0.655784268414	0.496293692954	0.519422997925	0.548745800355	0.526369467378	0.578704782158	0.515073569636	0.546882870929	0.757231778975	0.542268167148	0.745940214305	0.498844540488	0.735833290285	0.487650306248	0.587013094211	0.601405572608	0.496075745458	0.458317507461	0.454060025295	0.585499323281	0.480026285706	0.568547354159	0.532161450192	0.604922916999	0.553173273121	0.59483179632	0.514795902047	0.464229248578	0.398517402833	0.462499389768	0.647654674388	0.62275209039	0.580326134887	0.627714196045	0.544868889282	0.606395648886	0.509913223183	0.414610239227	0.671966675958	0.509234315946	0.656083763121	0.627939279261	0.506693669131	0.585512856647
133	0.246819673103	0.445989321929	0.0	0.239662763147	0.427932626796	0.464759523457	0.297447804292	0.364665706415	0.363751253312	0.307727462579	0.327296270411	0.335378892758	0.328718402141	0.594150133816	1.1307642082	0.4564744727	0.330972071462	0.330608731382	0.506258414304	0.315528755841	0.329460558934	0.329271075382	1.09479421312	0.359252521046	0.63040626589	0.295850474616	0.216805886192	0.336247209208	0.233919418406	0.345845735016	0.353806396733	0.406653897812	0.224974588211	0.209632890703	0.261186152718	0.412899977966	0.296955956633	0.333360128893	0.442099532408	0.407903523151	0.2466646564	0.345454277811	0.627140481435	0.902829576357	0.32026865139	0.322044964508	0.468375547978	0.304674864413	0.308434264781	0.297299208593	0.25953375757	0.399237292147	0.593998221586	0.306847444436	0.41503130393	0.335604540444	0.291457301183	0.457746582743	0.509761343228	0.318620816054	0.340964476471	0.306936449869	0.266699416912	0.290738725362	0.363326138416	0.314393599431	0.398092691073	0.29060810549	0.35952837594	1.067086945	0.354398119177	0.262879840185	0.213219297581	0.316637198812	0.252672197293	0.343938787416	0.264078548207	0.4583672937	0.751435158292	0.394406545903	0.551314673557	0.288740917086	0.511436655013	0.281771722117	0.320186300955	0.366054669262	0.266231759431	0.161037603592	0.176562169833	0.358195240824	0.262080218474	0.309053126221	0.326654188494	0.341829063245	0.288665657368	0.404769925092	0.35647179268	0.336931550026	0.312490940101	0.263620897601	0.464870569376	0.329373754319	0.333059200554	0.393832535392	0.282994926524	0.333103716299	0.255368034151	0.362077589368	0.583375330316	0.253243095631	0.41779495321	0.44851387655	0.310046132275	0.301871291962
134	0.24234384137	0.422226699003	0.239662763147	0.0	0.420570289167	0.493420740872	0.300627468933	0.349538683696	0.402880535166	0.351079828084	0.39513003535	0.358734414601	0.304276068342	0.617241725628	1.09531434707	0.436817505848	0.381890498076	0.385599550263	0.485376426907	0.361769756657	0.363587205512	0.395164370697	1.06462074207	0.356668116345	0.670707255472	0.331544496375	0.234776961372	0.334216302039	0.298327103653	0.351318800305	0.380865736357	0.448380026982	0.246335585931	0.243024975413	0.337913793449	0.450471022532	0.298616584615	0.345876430309	0.483997605633	0.454557436822	0.270494124081	0.365390513373	0.637781232439	0.903115574656	0.288962127775	0.364595938375	0.421195936761	0.319390218493	0.349949970523	0.308606078749	0.323682200206	0.39553598475	0.5311837459	0.296776160152	0.382345486103	0.361998931313	0.310937340299	0.472589801561	0.518419359472	0.31206106679	0.352342371467	0.305997444562	0.263615397961	0.289744429604	0.376304633132	0.301963370919	0.412638043852	0.266863115093	0.351117082586	1.066124501	0.409479882698	0.279309645755	0.284344423326	0.340136883184	0.300950131409	0.35723895543	0.275643689357	0.470494348388	0.750275238852	0.353845583365	0.536585198725	0.298111660818	0.488180950978	0.314966726667	0.369715744088	0.390867347617	0.257461174921	0.218054391183	0.24966675991	0.368281941449	0.298951707727	0.340784584547	0.350913188341	0.375507867713	0.344780962601	0.40254185362	0.370263966149	0.353332819304	0.35352804102	0.310220999049	0.542485939917	0.393321660852	0.359095148537	0.409762659059	0.360045869469	0.403025465462	0.240516893898	0.325702334943	0.600695285094	0.30041270487	0.455899846629	0.468887660358	0.272977411418	0.364930451944
137	0.448279834635	0.652026121106	0.427932626796	0.420570289167	0.0	0.515219629256	0.535952331784	0.506484822109	0.453164641153	0.39546159934	0.390086999005	0.432823216402	0.390117886066	0.5858079787	1.15446708667	0.306923260593	0.40405686646	0.37547955555	0.294867176231	0.351466633713	0.437145632891	0.480164859224	1.14423667099	0.363201033359	0.673577407617	0.382119964607	0.385462334863	0.371316625138	0.396096174825	0.38502553571	0.467066262743	0.438762706967	0.408834668499	0.408123190446	0.318022131475	0.438944301389	0.409698369588	0.385389044849	0.484146614663	0.453489407841	0.417101784502	0.464339454805	0.625276002633	0.915687689506	0.448077060354	0.431629538107	0.480804289586	0.441945446414	0.540184350426	0.46101261674	0.37967153272	0.360242095885	0.476128721328	0.366815159802	0.245157619608	0.324240023457	0.400624195623	0.497289878231	0.504696191108	0.530133115729	0.545155915793	0.379964878166	0.387328487046	0.425587934815	0.427375667467	0.280019828118	0.396158917853	0.342992297485	0.327179701083	1.06907712211	0.423090802344	0.386533423079	0.381644084828	0.422073551296	0.417545363029	0.406034562231	0.395708916691	0.484710778792	0.759332107716	0.40345173603	0.308064745043	0.358859865047	0.346158358163	0.419523793183	0.415622664424	0.398908395223	0.39999513575	0.406328483557	0.421063757224	0.251895716158	0.436024520737	0.347214635183	0.414639789348	0.434967264468	0.352580920615	0.443925410342	0.369798675538	0.447931056164	0.509121587069	0.414698348234	0.518853291727	0.424231169407	0.378425180501	0.408849101774	0.415521399909	0.44058983913	0.327566344279	0.536593522904	0.512258519869	0.367082136972	0.405648617642	0.433444319739	0.429117612188	0.380595536144
138	0.486340602007	0.647919322806	0.464759523457	0.493420740872	0.515219629256	0.0	0.612440312966	0.529296197261	0.482641221431	0.485688108966	0.443354009836	0.440509360809	0.472820470189	0.470789012208	1.13614887561	0.566847930701	0.460909252223	0.442478498301	0.534590155812	0.441601700007	0.576074286448	0.548614601066	0.887709880997	0.435880419381	0.544238003609	0.455856208512	0.469537172144	0.450798909219	0.504764799437	0.470150718234	0.524033453124	0.498296119997	0.527619387108	0.498882616212	0.508078439441	0.528733749369	0.503451610269	0.549642345425	0.496614451345	0.508069485226	0.518088494075	0.539701655559	0.527693146813	0.746372048344	0.558119829349	0.513496710158	0.538452412481	0.510739598945	0.594791635393	0.4232683959	0.448564039284	0.464998618051	0.654640355388	0.530629801654	0.517222057144	0.49782753378	0.453607438464	0.467681688056	0.498627280612	0.604268339949	0.599518794387	0.479251308731	0.505910001369	0.505864375728	0.49851021529	0.483626827259	0.512290085064	0.474269949515	0.523647342876	1.06027686146	0.472096498204	0.460968855118	0.444373560848	0.441282872419	0.451534983902	0.552970091807	0.439020242103	0.44281444737	0.732022856268	0.504756625555	0.565612344617	0.479673929409	0.569422765156	0.408481359185	0.48215077239	0.476357499497	0.513492611635	0.448566566663	0.455855243161	0.512520334892	0.505388230276	0.436085106796	0.5523022586	0.494912868005	0.484489197906	0.49861529809	0.480527876516	0.525059151792	0.578732584738	0.484193191667	0.515003294317	0.454779172217	0.52219039801	0.543502460449	0.475791349301	0.47881102245	0.45645797485	0.648294157772	0.44415785816	0.453127803796	0.547519637402	0.49448016601	0.517930080914	0.481975715136
155	0.31484259102	0.44346279589	0.297447804292	0.300627468933	0.535952331784	0.612440312966	0.0	0.296556028622	0.414257716453	0.368575700479	0.425300141582	0.374643371613	0.399784003817	0.679081732746	1.10159589599	0.532376617203	0.44564257436	0.396755083174	0.59422479111	0.391007801618	0.344001088505	0.408391886657	1.1614231356	0.461907219019	0.621594974415	0.37819432468	0.30448215722	0.406616777838	0.3224478879	0.397548047102	0.413484308722	0.503750169082	0.268881339031	0.296847557024	0.365418857632	0.489243915216	0.310563891585	0.367006272946	0.46988442808	0.519384581271	0.280482096312	0.360032068111	0.680407058307	0.958978412463	0.267382310711	0.364548143221	0.42802931572	0.304930817688	0.315782620852	0.377106876373	0.386877090554	0.472199713001	0.628657373208	0.384506644059	0.51856049923	0.414979147388	0.341251956883	0.580517279977	0.578121178652	0.235544993412	0.268251924615	0.372870228374	0.330914146291	0.323886974251	0.444107088523	0.430291188762	0.514217347956	0.369996759408	0.430135338313	1.06015218107	0.457033563816	0.388396372656	0.37919368547	0.351041686103	0.411265675859	0.455571726164	0.382156782442	0.555153462079	0.737427168205	0.472307552941	0.643387427878	0.366197785913	0.601058188118	0.400279144548	0.405688565656	0.451552575121	0.324375714501	0.303683773616	0.344959435347	0.446304951221	0.391670850097	0.408874223718	0.393855476577	0.403281132353	0.377195234301	0.435542201672	0.429668608836	0.3908707065	0.305310017742	0.306962448223	0.531753051133	0.425377318824	0.391990105915	0.450800213118	0.382669419843	0.41803351268	0.395456817316	0.255949530606	0.655538123518	0.324213522359	0.487074091544	0.502129345916	0.286190964667	0.34498751492
156	0.320533248858	0.550715013646	0.364665706415	0.349538683696	0.506484822109	0.529296197261	0.296556028622	0.0	0.385669578783	0.366127860286	0.416306968404	0.288713319302	0.33507848315	0.637202079586	1.12179525783	0.472238805233	0.383459764121	0.385394629744	0.513568230689	0.358676323563	0.304015098704	0.452642298876	1.0807928558	0.392907219253	0.528539587365	0.322661388672	0.291019923628	0.348660674002	0.356676820302	0.289175718052	0.391756158652	0.444325609293	0.362073905986	0.351311769692	0.393301661325	0.435997958125	0.306917263704	0.376101233051	0.423005418446	0.437935810009	0.303172754614	0.364021611772	0.579553562769	0.856376533561	0.356382014987	0.361571689345	0.386103748891	0.280583538765	0.445798161335	0.339002542795	0.363132607281	0.369566042517	0.592841315433	0.412942592613	0.488572167712	0.402541617529	0.294654470909	0.531145656381	0.455821007117	0.369301599812	0.388185926352	0.350419302842	0.345415488885	0.251531166253	0.40130600165	0.387670819808	0.496719177327	0.302787051641	0.403544020143	1.08199305902	0.456125366879	0.346921670117	0.400000396227	0.338506805767	0.415650182864	0.493993880117	0.341526708807	0.502312040601	0.753599113752	0.406720356089	0.594180061499	0.315999755197	0.573216048335	0.375184714812	0.356373627107	0.428349859481	0.307879841209	0.325978557866	0.391513812339	0.425567566592	0.42964682017	0.364053856609	0.385997925015	0.349300427635	0.347884223313	0.35105078959	0.371367196667	0.370660361695	0.414363996495	0.322112541829	0.525537777018	0.425984346463	0.391025903148	0.423486626498	0.388999342688	0.398944753792	0.376952682286	0.384434699442	0.574233611602	0.312685504517	0.484955040905	0.426466703165	0.277349005665	0.328993075772
161	0.332055518605	0.554884930054	0.363751253312	0.402880535166	0.453164641153	0.482641221431	0.414257716453	0.385669578783	0.0	0.207579394016	0.263616522661	0.306394765709	0.313575649825	0.500017290121	1.13014101344	0.424279828545	0.317167656304	0.243278570148	0.423540462987	0.253776841795	0.346746245152	0.35714407481	1.07640567244	0.355310253798	0.564658155853	0.246207658047	0.323317516289	0.291044131139	0.370423860938	0.277584224424	0.392706956688	0.343358126538	0.35859426975	0.340852449734	0.329206042849	0.467677845052	0.247618038939	0.262393066366	0.275217103906	0.39656482276	0.314281674956	0.36630532279	0.498638295211	0.827209988403	0.382166408836	0.260741161435	0.442181763104	0.349753423711	0.440133446568	0.303021934185	0.319067128085	0.30679892866	0.652894832946	0.434048810051	0.427717364346	0.302945557112	0.274181313771	0.4081285979	0.374383383773	0.355796519599	0.390235579154	0.310684674422	0.341953236515	0.333456903316	0.36141080757	0.391115196247	0.414722272434	0.301922929425	0.345147324112	1.05313410884	0.338890355774	0.372940254761	0.317861191654	0.225098916979	0.383045899218	0.397324500981	0.306394721107	0.358357209461	0.738209527489	0.372578580442	0.487492863765	0.300528679725	0.480157748562	0.254991526273	0.312001746743	0.363105674464	0.30373135153	0.342145841966	0.350423793571	0.333397670242	0.36873131579	0.251145142664	0.311428844267	0.240944627189	0.323096360368	0.294360776746	0.284136475629	0.353639974399	0.374731612596	0.284356296524	0.345371758326	0.347228341765	0.346755742344	0.320821704942	0.30424801758	0.334249076467	0.398073986273	0.448274305801	0.47288400297	0.233109680435	0.32062098941	0.361824159155	0.342850173281	0.288575484906
162	0.277874990261	0.524971262821	0.307727462579	0.351079828084	0.39546159934	0.485688108966	0.368575700479	0.366127860286	0.207579394016	0.0	0.238116989481	0.287968403498	0.238937785714	0.523539095932	1.12664110749	0.401092307232	0.28305918148	0.206883651262	0.410414855611	0.209025013969	0.285845149365	0.307497492835	1.09855799825	0.327108910038	0.571404177862	0.239858391145	0.282059014113	0.259263833233	0.29515253026	0.236589170829	0.349681523921	0.281052294006	0.28612312161	0.272848890043	0.288383243069	0.424286462893	0.242543445296	0.243643314081	0.296146421116	0.353679755242	0.264754304875	0.333028633819	0.525807602144	0.853565361438	0.324767284222	0.237555790334	0.430195095286	0.312062109807	0.382823504407	0.28388163929	0.266961956278	0.265484896746	0.598072682569	0.363819345437	0.384551541195	0.242919846445	0.25735807315	0.365315611916	0.374636588778	0.361632771298	0.370224416827	0.281827169373	0.287971265819	0.300679792305	0.328419874443	0.349173815302	0.347126155318	0.254415449043	0.293163695834	1.0295417942	0.298253401733	0.317210250014	0.281098323058	0.242694537559	0.330844860863	0.357653680368	0.267377354759	0.345562430725	0.722592696617	0.347544316077	0.458178502521	0.272468835185	0.43118381264	0.221721900617	0.306324356801	0.305764182328	0.271142230946	0.294792920446	0.293844876397	0.29905416497	0.311296731938	0.20287245605	0.242932079704	0.216083071184	0.275368898134	0.304849368885	0.254787985766	0.293150243642	0.34838888381	0.238902663818	0.306974579217	0.279610330057	0.311911701191	0.294761374092	0.239883685397	0.316378089204	0.356293360669	0.408693600061	0.436404927045	0.192214220079	0.286884521308	0.313401072654	0.323815276545	0.231390002273
163	0.352239033424	0.577100377177	0.327296270411	0.39513003535	0.390086999005	0.443354009836	0.425300141582	0.416306968404	0.263616522661	0.238116989481	0.0	0.288210657373	0.30067473937	0.46585234105	1.16187037923	0.422072437472	0.264516078991	0.236710798047	0.376984756142	0.237054551403	0.345544098061	0.311982930876	1.12424147446	0.303053163527	0.593960991755	0.258206451257	0.308030859552	0.296182491447	0.310777556956	0.282975173257	0.380730402526	0.278903648651	0.340932462863	0.309826616765	0.28658800534	0.422244362506	0.329390548438	0.327224623628	0.29215159965	0.316349237264	0.329358214695	0.41647554237	0.519235415995	0.872521095429	0.401092997833	0.317434289277	0.479205858945	0.362001991662	0.448558541099	0.317377707318	0.250343335881	0.300937739972	0.624924655677	0.359353790801	0.364393614644	0.289194297811	0.324178589232	0.389382733428	0.38197681591	0.423187372671	0.448980117931	0.295327065687	0.315302694652	0.360018000654	0.370257818528	0.348955427894	0.311102314414	0.312174018308	0.308860354295	1.07744629402	0.271379117391	0.344984482087	0.271856396293	0.298956433194	0.31990435357	0.375014218948	0.303209529132	0.3848421312	0.766932866302	0.402308105651	0.452369858069	0.311794498098	0.397036715309	0.286992165101	0.284537660664	0.334625602094	0.331024430454	0.315448893819	0.325748065587	0.327369303912	0.346335676893	0.210325644174	0.307788543353	0.255987400164	0.278038039708	0.338828897077	0.307127539633	0.367051432351	0.42798718631	0.295045543671	0.347666899054	0.263266362802	0.305464523163	0.29236353484	0.262937194523	0.306201411839	0.365274354615	0.489671246212	0.434794637972	0.209179261731	0.275969207952	0.293911453413	0.370011310651	0.230798791163
164	0.288820362507	0.458982725507	0.335378892758	0.358734414601	0.432823216402	0.440509360809	0.374643371613	0.288713319302	0.306394765709	0.287968403498	0.288210657373	0.0	0.232141819225	0.513961361139	1.08035503128	0.388160394249	0.315533575754	0.257465142422	0.452121216811	0.253430075742	0.382963475024	0.376280254529	1.04608574176	0.31045123801	0.561318309101	0.270458847523	0.264864110295	0.28122125991	0.326557851272	0.254298292217	0.298556356776	0.34097492883	0.357788391938	0.298865545196	0.350035227095	0.327369113275	0.258318799972	0.337506086161	0.302298708638	0.422235056805	0.282119914769	0.336483303809	0.514769060657	0.799646138535	0.320218298789	0.346735052089	0.321431263286	0.283281666964	0.373033655898	0.265946021206	0.298004777597	0.279003833989	0.517305315106	0.367287418557	0.412759737088	0.326267780973	0.229577977513	0.427899494718	0.383077254221	0.349556540383	0.37092130649	0.332976765279	0.340357519013	0.254891070827	0.304277163439	0.321132802963	0.398658540819	0.305828115448	0.351794546236	1.02981017695	0.38967185737	0.35070598284	0.346504958751	0.274420210018	0.339233115748	0.484800338652	0.327077575909	0.367394676794	0.699003250913	0.372588239752	0.489295044037	0.296422529865	0.497905119158	0.318051413886	0.292910373641	0.345822309613	0.306040745558	0.309056617443	0.322545824372	0.356252321099	0.388962951985	0.287727206293	0.38688343432	0.295901950169	0.28152560822	0.317031757101	0.268243599523	0.282151212741	0.354941122772	0.238267153896	0.385838368376	0.351811721842	0.34339182747	0.365124016566	0.295194112987	0.297854512887	0.330575548386	0.411413758697	0.461048041631	0.271618019697	0.407656393189	0.346076688076	0.326660235483	0.340274186083
165	0.31648038418	0.489971835235	0.328718402141	0.304276068342	0.390117886066	0.472820470189	0.399784003817	0.33507848315	0.313575649825	0.238937785714	0.30067473937	0.232141819225	0.0	0.532306128989	1.08889047989	0.384100657008	0.305716621902	0.277299867636	0.44677123675	0.260923710646	0.360111308624	0.368121768379	1.06632468166	0.32072132757	0.604246800815	0.281655530781	0.265635875785	0.292163718552	0.303720410224	0.268659185002	0.273707727617	0.357968177072	0.316031381537	0.29052396099	0.319607133067	0.367330010082	0.252833775897	0.304199885255	0.353466588697	0.420511572011	0.242094561612	0.288670382618	0.550942932194	0.827809401951	0.341605626392	0.31110915713	0.356531811632	0.308810074842	0.370749444381	0.303030777892	0.301274962763	0.288158365108	0.561880922391	0.345154710585	0.375991787003	0.293479904893	0.246175574001	0.392706525827	0.38377628223	0.373365504419	0.379241474048	0.287243244802	0.283907886724	0.269156045259	0.358228106351	0.322193078881	0.394005173572	0.263944799641	0.345926796487	1.02197070142	0.367042778419	0.326749678153	0.300888075662	0.254155986669	0.329798454804	0.431354274963	0.301602741961	0.373802859178	0.693461562583	0.361903230099	0.51171780802	0.274997148959	0.468361986095	0.298452866079	0.316179302677	0.325991346272	0.246076275891	0.294657845942	0.299690687517	0.319290580917	0.328171936389	0.262261362226	0.315360049943	0.319075945659	0.284658788987	0.304454291324	0.278842115993	0.296492961753	0.318881343985	0.249393835411	0.400562186125	0.311069732353	0.331835843635	0.36099585628	0.296838517112	0.33153757313	0.319752070342	0.373943103263	0.454511936944	0.25853719857	0.366896632765	0.359247075964	0.30694281753	0.3195726733
167	0.589841092485	0.792555995656	0.594150133816	0.617241725628	0.5858079787	0.470789012208	0.679081732746	0.637202079586	0.500017290121	0.523539095932	0.46585234105	0.513961361139	0.532306128989	0.0	1.19303302468	0.61456557918	0.51455609724	0.500097715107	0.520998151762	0.515272621913	0.608917102259	0.548368243438	0.971680098226	0.493328285648	0.464483212702	0.501773866236	0.546300165268	0.519114567357	0.566387315873	0.540118664246	0.591136451444	0.518668349147	0.586405395512	0.568657555312	0.54855201345	0.586426148472	0.554438259323	0.570497473774	0.4784065227	0.575626602023	0.586066027288	0.611843216238	0.53348879717	0.752935183554	0.620641811891	0.553722189512	0.633894783472	0.606504466569	0.68349267147	0.522411946821	0.523186832218	0.520569607428	0.760511851031	0.60514611486	0.552327013461	0.531204345884	0.565530681367	0.554927391969	0.498780431334	0.672605830646	0.650606244453	0.547568847454	0.578593683552	0.566293812807	0.568236891944	0.553578500564	0.556188277023	0.544191201784	0.495487858268	1.05395434461	0.498885544807	0.58560973498	0.563487455817	0.496686581305	0.576824430049	0.612549250817	0.560779360446	0.573062251518	0.784701214627	0.618900541339	0.590801768001	0.549820793846	0.571635330977	0.528776286162	0.534567945723	0.563139422404	0.58032538439	0.583979579157	0.584463510744	0.542131966278	0.59742732239	0.491194673666	0.560360904476	0.47975408121	0.515419218587	0.54339292027	0.515028565194	0.562824506139	0.658271311811	0.536371479962	0.505602689503	0.48140289318	0.570903183728	0.546085822865	0.536078579727	0.510816062768	0.580636522268	0.696005428134	0.487724523033	0.496983394974	0.506393162305	0.506783139469	0.60704335048	0.52509024761
168.1	1.13138621618	1.1304213044	1.1307642082	1.09531434707	1.15446708667	1.13614887561	1.10159589599	1.12179525783	1.13014101344	1.12664110749	1.16187037923	1.08035503128	1.08889047989	1.19303302468	0.0	1.12900083341	1.11285166671	1.14065780397	1.17803861816	1.13340301779	1.18728670352	1.14527122452	1.12811273185	1.11701652144	1.24483919572	1.11638225841	1.07082774968	1.13251206894	1.08727466107	1.11136161577	1.07693961855	1.15249991803	1.10360302068	1.11144021907	1.14196127198	1.09714452887	1.09363772181	1.10574323841	1.15355037727	1.24886031705	1.08770235984	1.09157034189	0.999350761397	0.98827659514	1.06645261154	1.12002834963	1.06874097594	1.12734001782	1.10979623569	1.13237517618	1.12969335536	1.13376300342	1.02380835374	1.08860548196	1.13870266539	1.14590941916	1.09163473198	1.19216241644	1.09503436791	1.07810689791	1.10035412527	1.11292912391	1.09935554636	1.08153761088	1.08035234022	1.10762250323	1.18126636724	1.10658488954	1.15241455306	1.17088642675	1.16295334506	1.13771039047	1.14525849846	1.09909121641	1.13818537303	1.19483574944	1.13770507117	1.15237157703	0.963318738018	1.16488886211	1.17429541978	1.09728011464	1.2005736091	1.16263239326	1.10914233644	1.10767219897	1.09389111462	1.09747897573	1.12990829845	1.15224770971	1.15248078279	1.11898384829	1.11750957604	1.12027763838	1.13473490876	1.12031776473	1.12751896589	1.12226886051	1.08266320019	1.12779231781	1.17313193405	1.15464216275	1.16109299139	1.17771524828	1.12248665452	1.12368002387	1.12412565273	1.04528284994	1.02491974916	1.1217747573	1.19014338339	1.15839158382	1.11035706279	1.16081667621
169.1	0.459520228637	0.625982316636	0.4564744727	0.436817505848	0.306923260593	0.566847930701	0.532376617203	0.472238805233	0.424279828545	0.401092307232	0.422072437472	0.388160394249	0.384100657008	0.61456557918	1.12900083341	0.0	0.41375669426	0.376273797261	0.340056189643	0.362101036792	0.423690499316	0.504549321188	1.09882292166	0.387550855001	0.655137981439	0.366829649417	0.435708038826	0.321261757818	0.446742127246	0.359913105541	0.427185613501	0.487031049574	0.465501447313	0.431369700435	0.351344869613	0.405725959344	0.372129425163	0.334666859557	0.46994146635	0.481850479742	0.408663410256	0.448171774967	0.568184135164	0.870485739572	0.472167501971	0.44265408654	0.403867735175	0.451636753375	0.562941641073	0.464116807566	0.420796445611	0.31900282914	0.494672286136	0.420643976144	0.370044150861	0.283023130929	0.390766848077	0.44319039855	0.437582196582	0.519782846946	0.520163300978	0.439937737413	0.429843237408	0.371888572508	0.39245935065	0.333148829716	0.435984738671	0.370805661212	0.325875528341	1.07458292858	0.46834632971	0.419318981011	0.416307099781	0.423123983787	0.442685636223	0.422638263947	0.412854809628	0.476475116732	0.76130278637	0.331100376537	0.387685788219	0.326695460762	0.396348779948	0.446208880056	0.41050912884	0.464520272819	0.396977519919	0.413707191396	0.45993547625	0.29144454497	0.482208563756	0.34290311465	0.429975129849	0.422195434521	0.362590955407	0.380595103732	0.369980477679	0.494459469258	0.524341919683	0.437179878701	0.526543074921	0.477683576333	0.394700690045	0.415939298919	0.458906101408	0.48761555749	0.359115051176	0.518262173406	0.475311568874	0.375250817406	0.435083864001	0.385615727224	0.428624576811	0.395756898602
170	0.358162240843	0.605045600407	0.330972071462	0.381890498076	0.40405686646	0.460909252223	0.44564257436	0.383459764121	0.317167656304	0.28305918148	0.264516078991	0.315533575754	0.305716621902	0.51455609724	1.11285166671	0.41375669426	0.0	0.29790888672	0.353640675801	0.282276511356	0.364948694768	0.285351034559	1.07173701363	0.221039781796	0.585084702125	0.244942778331	0.333330115092	0.32211293633	0.261872909076	0.264028144767	0.354578211438	0.334572095919	0.331213784815	0.280772157489	0.241538999247	0.355404574561	0.325433701617	0.329494628542	0.34034643278	0.393847446116	0.324939722038	0.42182689831	0.512783124154	0.827958586533	0.445376538944	0.297808058149	0.487034385478	0.368473443945	0.47261853091	0.335955101156	0.237268023616	0.352452629098	0.592239507823	0.337420048678	0.367531342453	0.31057239907	0.336326174607	0.410875073062	0.368333704386	0.448046152068	0.457530701839	0.270999697873	0.268792009951	0.286279644588	0.327928232462	0.318143539569	0.316016528672	0.282110895873	0.302448683548	1.05213836658	0.264275106443	0.324942116801	0.24482752346	0.272164100778	0.264860955505	0.406345147735	0.277751990587	0.458726945362	0.763325016163	0.361575785989	0.465739917881	0.29254953577	0.443757255923	0.337516207071	0.225785403641	0.373205286152	0.284412328164	0.281594746255	0.311172118648	0.335424665001	0.373776318234	0.237267921539	0.316498092454	0.26930288955	0.268159849245	0.292361000818	0.320173110502	0.403207199973	0.415145124475	0.351038619897	0.415342179495	0.290858875848	0.324588613891	0.319245068868	0.26999553781	0.299990738954	0.331694499264	0.479470998209	0.476800263253	0.240084796896	0.34922906853	0.354078149671	0.379193995904	0.275240248489
170.7	0.315731763534	0.523666452877	0.330608731382	0.385599550263	0.37547955555	0.442478498301	0.396755083174	0.385394629744	0.243278570148	0.206883651262	0.236710798047	0.257465142422	0.277299867636	0.500097715107	1.14065780397	0.376273797261	0.29790888672	0.0	0.40628426424	0.122306769138	0.321192750747	0.331843399425	1.09336634058	0.315892238319	0.56920862054	0.221987048207	0.27630027988	0.214100483438	0.326779966354	0.227053357961	0.366859356825	0.317924601383	0.327484048494	0.308566462577	0.269114944845	0.400694706496	0.249989038239	0.258436654422	0.298040973269	0.351772054008	0.308716972727	0.326433805855	0.514170640528	0.842449348968	0.341321830091	0.305675362368	0.406340990032	0.302344857015	0.400531154501	0.30259215429	0.286712761643	0.258769812655	0.591358912506	0.378069992844	0.388685874239	0.213111006435	0.248232886305	0.379204953372	0.379704372158	0.392824123372	0.405482094219	0.302957571481	0.321794569558	0.331291157715	0.347174682579	0.346656779263	0.374254320553	0.291040418664	0.301888540697	1.03818555851	0.303581044816	0.329202416547	0.299582208896	0.267706494	0.352101735342	0.376162665526	0.296318980387	0.336668044924	0.705943307665	0.367392054258	0.467093131935	0.28283078748	0.435023405427	0.229256780638	0.31862531107	0.302486682054	0.311636195689	0.308891003921	0.310825657375	0.26920488545	0.325096258806	0.201549957631	0.290032282214	0.266233947963	0.277771174295	0.311455603095	0.246805661333	0.308970971763	0.370913186072	0.241062386871	0.332277319696	0.295371464554	0.343615239716	0.34311499928	0.300361537949	0.32674252572	0.351884329149	0.430849358471	0.420614349674	0.196460975408	0.307555058317	0.290482828585	0.32666072634	0.233275783115
171	0.495413655305	0.731804218625	0.506258414304	0.485376426907	0.294867176231	0.534590155812	0.59422479111	0.513568230689	0.423540462987	0.410414855611	0.376984756142	0.452121216811	0.44677123675	0.520998151762	1.17803861816	0.340056189643	0.353640675801	0.40628426424	0.0	0.393639008788	0.491989236334	0.449191862446	1.08579185957	0.314774972988	0.644655393487	0.349164254605	0.470669009591	0.364050356713	0.459329675182	0.390396341821	0.509119835192	0.403208944644	0.481253448825	0.456533399521	0.397943609265	0.479464249959	0.44700620126	0.441934527467	0.411819992829	0.423913093516	0.479971597116	0.541367611735	0.527642887029	0.848957297204	0.549362999561	0.441159656146	0.519955889153	0.509930349017	0.624486816438	0.45841567035	0.422615041576	0.364877201893	0.49636205812	0.446153445697	0.303341478194	0.350894920542	0.423694080379	0.447434023593	0.384049209207	0.600457446132	0.583866441358	0.4379702539	0.447268199009	0.449548163178	0.426861958986	0.34390930683	0.363357596882	0.364058008826	0.291651212278	1.08134927512	0.40809080529	0.4584516041	0.439313455934	0.432877376076	0.464109763796	0.449090053606	0.41184293399	0.491498828415	0.790001410101	0.418416823313	0.255076327561	0.367023233121	0.353355852097	0.436304790934	0.393773667305	0.501967059366	0.429045912691	0.452087026574	0.501024663646	0.280807408717	0.489701481259	0.349020414054	0.439865373387	0.391585375922	0.383403147496	0.410764978363	0.386816510294	0.5272092247	0.581227920137	0.480205602384	0.475840411957	0.433581024817	0.447214910986	0.362782557114	0.455976302517	0.489851642353	0.387766539327	0.613190968772	0.508192332832	0.381280833714	0.374881384799	0.367148738642	0.483683619943	0.392448088918
171.7	0.29960001647	0.539780720604	0.315528755841	0.361769756657	0.351466633713	0.441601700007	0.391007801618	0.358676323563	0.253776841795	0.209025013969	0.237054551403	0.253430075742	0.260923710646	0.515272621913	1.13340301779	0.362101036792	0.282276511356	0.122306769138	0.393639008788	0.0	0.306652968986	0.321319192706	1.09094247665	0.291723947507	0.595441681769	0.236433294328	0.269370411769	0.212923359313	0.304229448057	0.203878088344	0.335458591542	0.310756717573	0.322092671843	0.303949810319	0.254120553482	0.38166006251	0.249464034269	0.253561417924	0.297391363007	0.352808633556	0.283569365425	0.330829678677	0.509502692822	0.841266262446	0.344173215087	0.295612339782	0.405121435123	0.300957084654	0.398696429013	0.293139305385	0.262886674017	0.256638076339	0.575252931322	0.361907766268	0.370367976108	0.222229396378	0.237356308294	0.395715921871	0.380496383039	0.392052431417	0.406722305609	0.295051758455	0.309680413608	0.314636049413	0.348042712553	0.327503477999	0.369048291642	0.26285445258	0.284828494993	1.02968736566	0.299466011423	0.302656200055	0.285034337918	0.259202870139	0.331466133141	0.374503738276	0.269586926235	0.345074141302	0.717509852668	0.362679443976	0.457162926379	0.27118672427	0.432314742898	0.237048197243	0.289667279861	0.296334866712	0.291223089434	0.28029078237	0.301552661582	0.277352453679	0.326124707854	0.183939905997	0.281399826107	0.257120422552	0.275523212157	0.302812368538	0.25270264218	0.315311115565	0.359575121296	0.245130365572	0.366532415537	0.292314364245	0.328255835961	0.335468035687	0.289878025947	0.316500122521	0.33359257034	0.417587494428	0.420259069139	0.179720352596	0.329066074189	0.297723199083	0.318862986281	0.227680460378
172	0.321523901589	0.590814115389	0.329460558934	0.363587205512	0.437145632891	0.576074286448	0.344001088505	0.304015098704	0.346746245152	0.285845149365	0.345544098061	0.382963475024	0.360111308624	0.608917102259	1.18728670352	0.423690499316	0.364948694768	0.321192750747	0.491989236334	0.306652968986	0.0	0.380498851786	1.19957982926	0.396234828448	0.524616103419	0.321180380766	0.335545902956	0.332869060149	0.342006663509	0.339990094341	0.416603760131	0.389457150894	0.334504211041	0.334530341176	0.311890771804	0.486051035234	0.303904562412	0.267445290136	0.415023116867	0.392596359866	0.317629066241	0.386668742419	0.593941569362	0.960743845981	0.404241148955	0.361762498485	0.441955063304	0.326337170749	0.470909780416	0.36742853959	0.329138028776	0.362493953872	0.654246004864	0.385041111649	0.437931067602	0.331235314376	0.375901743433	0.449953898463	0.481970312715	0.428453303395	0.462249867155	0.332947721886	0.326320648454	0.319683631379	0.413479504945	0.384110416421	0.441189843784	0.326839435392	0.349170590056	1.10852615042	0.405943364699	0.311565953344	0.315738168381	0.331070004654	0.385318649952	0.397001356644	0.334785781578	0.4579111678	0.789724076738	0.410132585112	0.550778996968	0.314789863593	0.503898617612	0.314915843772	0.377332651283	0.397436851999	0.333981558876	0.34078629069	0.340387253957	0.35311368326	0.390705214742	0.295215402977	0.255426850086	0.342805734184	0.341993903294	0.358145701003	0.356601867201	0.401675696786	0.440488606682	0.317354040971	0.453989331639	0.362868530187	0.343332704716	0.397044431782	0.372584442702	0.391008325943	0.363216894977	0.434316356729	0.51933615789	0.264133498038	0.409508015151	0.423180728166	0.313604619002	0.227975500603
172.1	0.33887953462	0.603580040467	0.329271075382	0.395164370697	0.480164859224	0.548614601066	0.408391886657	0.452642298876	0.35714407481	0.307497492835	0.311982930876	0.376280254529	0.368121768379	0.548368243438	1.14527122452	0.504549321188	0.285351034559	0.331843399425	0.449191862446	0.321319192706	0.380498851786	0.0	1.12735469864	0.317098300717	0.646649195329	0.293521079846	0.325121305539	0.374191341049	0.265774135794	0.33221148851	0.441832800901	0.370630922351	0.316355268179	0.305149557772	0.29890926591	0.51002286411	0.337144126819	0.352190755578	0.394434393039	0.444181190156	0.351992865318	0.463403888557	0.56330397376	0.900095646326	0.438639640723	0.286340009318	0.549129023252	0.375032585316	0.466404558276	0.328554928301	0.239843225987	0.420465277901	0.663806095814	0.358802390615	0.414223465492	0.364700495382	0.387596585793	0.461683506421	0.466922122881	0.42402323359	0.43949841912	0.307132670025	0.304762778881	0.366525681372	0.400323384339	0.421268682908	0.347966483186	0.285465590939	0.319480667173	1.08571908118	0.305065363158	0.36074402162	0.304919368098	0.327240085713	0.336808884699	0.39544267196	0.326052825841	0.500534829886	0.781099722017	0.44757009707	0.525260121605	0.340840848413	0.474220585538	0.342062133417	0.293242488233	0.370254818745	0.318276690212	0.318871538974	0.311411170243	0.37544764112	0.321566656051	0.293714011869	0.321803169648	0.273995119627	0.299213108337	0.393271532782	0.350145823072	0.383136107958	0.421271875776	0.3607682741	0.413432804592	0.309992191672	0.348902346212	0.329054318227	0.285991347892	0.332763716497	0.368110654928	0.468951157143	0.564021665717	0.248221742083	0.346103863824	0.398243266923	0.399316832979	0.305225735873
173	1.08607033451	1.06218909437	1.09479421312	1.06462074207	1.14423667099	0.887709880997	1.1614231356	1.0807928558	1.07640567244	1.09855799825	1.12424147446	1.04608574176	1.06632468166	0.971680098226	1.12811273185	1.09882292166	1.07173701363	1.09336634058	1.08579185957	1.09094247665	1.19957982926	1.12735469864	0.0	1.03955225381	0.957292146594	1.05018446979	1.07217382671	1.06437409161	1.10837769979	1.05839912366	1.03254746841	1.12632913608	1.13474363556	1.12015169096	1.15048173762	1.05928202708	1.0606896848	1.10567347967	1.072635827	1.13510622526	1.08656366274	1.06797297226	0.90274442791	0.634299513812	1.09150569621	1.08970338056	1.0519149833	1.12029501135	1.13908968307	1.03763697114	1.09111821085	1.06750153914	1.01521582155	1.1157183348	1.13393488189	1.0977777792	1.03146906056	1.01227420256	0.954534426762	1.14001921474	1.09852541091	1.09379354873	1.10379982736	1.03100032625	1.03972938501	1.10267854069	1.11418206078	1.07023202922	1.11421411335	1.20281049347	1.11166908826	1.06943289617	1.1018512709	1.03929177445	1.10425482039	1.14642403755	1.07132397886	1.01292526974	0.939929772227	1.05301586641	1.13104219194	1.03578577987	1.17929345062	1.04488627531	1.06541388271	1.10152351657	1.08099731715	1.06639540781	1.07459187675	1.13487207679	1.11016316578	1.07047969086	1.13754607698	1.0584115015	1.10875273737	1.03834038269	1.09806642719	1.09815555565	1.11972808975	1.13088494377	1.0960443047	1.09652140593	1.16080580921	1.13566703573	1.10654025158	1.09341580634	1.08627527253	1.10980444208	0.857816253271	1.09664754664	1.12699740948	1.0529030389	1.08940936865	1.12010960112
