	103	117	133	134	137	138	155	156	161	162	163	164	165	167	168.1	169.1	170	170.7	171	171.7	172	172.1	173	174.1	175	176	178	179	180	180.1	181	181.1	185	188	194.3	195.3	202	205	206	207	208	209	210	211	216	217	220	221	226	228	229	230	231	232	233	234	235	236	237	26	27	29	30	33	34	36	364	365	366	367	37	375	376	38	380	381	382	383	384	385	386.3	387.3	388	389	39	392	393	394	395	406	407	408	409	43	44	45.1	51	52	55	56	57	58	59	60	61	62	63	64	65	66	74	76	86.2	88.2
103	0.0	0.563799566577	0.497649041085	0.464490268503	0.726623180979	0.625482051431	0.753195987587	0.722792358856	0.716955543434	0.632102324458	0.653274574643	0.516925300826	0.674771611569	0.728916959065	0.965070275291	0.705399746992	0.640327840581	0.62875188027	0.688135954405	0.614467086297	0.734479543613	0.695052645457	0.792667711783	0.662711843778	0.810657446451	0.577663019531	0.663139754786	0.489999302251	0.593693059362	0.575899721284	0.623455223435	0.613468515877	0.652667000708	0.610879205184	0.568755752185	0.632994247004	0.623917620215	0.584953275052	0.570263742741	0.672427255916	0.642215896778	0.666609046693	0.782156161714	0.863120028896	0.591047695704	0.672561867142	0.785874210142	0.784056769387	0.493912449478	0.378498360066	0.653147591537	0.739710272135	0.784204068013	0.69524225342	0.732480637851	0.650381483108	0.605428599929	0.594925703489	0.654408757129	0.629289688656	0.648717463411	0.64531370898	0.624886986941	0.56297695287	0.685226550529	0.686573569439	0.532494656521	0.612598098922	0.618227864578	0.946702595253	0.696582499961	0.407951707131	0.499332052443	0.652341962644	0.513070271784	0.476291160172	0.372051118136	0.514526430449	0.949490957549	0.462456537449	0.723390154386	0.609446507137	0.7115097009	0.376727203187	0.62825612537	0.687425314452	0.603911286065	0.481276279862	0.47773978558	0.648059776822	0.462628017155	0.612074777768	0.636835028587	0.57574610274	0.604668235698	0.631957306327	0.675257399963	0.629774560416	0.643664080563	0.537675552561	0.643110460795	0.611666180475	0.603033357367	0.587770058455	0.699467796311	0.717564381139	0.493314994868	0.612777917507	0.751828940352	0.573698117317	0.671473514477	0.543464034725	0.727667827311	0.742500848057
117	0.563799566577	0.0	0.623082106852	0.606401363636	0.817835517904	0.627415545013	0.808808757411	0.827821658176	0.768980014102	0.728031021425	0.726320666808	0.640652837402	0.718916970144	0.797479194956	0.934791993773	0.797808580848	0.766554362527	0.709896920528	0.794139928048	0.730517279829	0.845345912592	0.810710916826	0.766382771015	0.781388596056	0.88012258246	0.705331910465	0.799551749921	0.650183850224	0.784104656909	0.728612844308	0.670683493676	0.779130830386	0.785150990127	0.772726324416	0.759075160162	0.733879085139	0.711941700166	0.736646965337	0.671803909533	0.760559063809	0.682319428424	0.658899887657	0.802362629093	0.829740006675	0.693297796513	0.755854064058	0.798523125787	0.853111825748	0.485602853305	0.496633549541	0.779566750504	0.813837070362	0.841566058494	0.824148993331	0.840855551656	0.754446861935	0.715436446278	0.571348982673	0.6783973342	0.764400425984	0.748418157862	0.791476402672	0.78152081388	0.739334157614	0.765863281256	0.816587161602	0.598562939696	0.76536609425	0.776012408781	0.960783568282	0.806228049684	0.618157387421	0.632218483572	0.720388376334	0.623599367922	0.643122954214	0.569383828116	0.533388627787	0.939408934602	0.568558929458	0.777750573429	0.728954502796	0.795709041516	0.527381318523	0.751927407747	0.820428443362	0.749202162301	0.602657243893	0.591770778504	0.753982465802	0.558742484869	0.754956392758	0.754351711267	0.797118014183	0.76351833223	0.732550619751	0.722878651758	0.714790326925	0.702208361898	0.717697327391	0.742533895427	0.802945732795	0.776817168266	0.750773114614	0.776745384597	0.826922115432	0.643714475267	0.742741589977	0.756268823247	0.71782722664	0.786738016148	0.730155907841	0.831213596917	0.837379470466
133	0.497649041085	0.623082106852	0.0	0.463611591553	0.671797301231	0.552979058539	0.728207377039	0.746356366355	0.702635568521	0.580483606419	0.585073467984	0.621131858259	0.622314747326	0.729763688864	0.968264675583	0.689326295968	0.592561728644	0.635611670099	0.668014152246	0.604035954022	0.707967881644	0.662510034878	0.805485395928	0.595490071622	0.813192506283	0.547770800429	0.522173953436	0.484668630056	0.57854085146	0.638375249825	0.601466460782	0.700112150362	0.598783162476	0.515241579577	0.565193834639	0.633623399016	0.650178717567	0.690922034988	0.663201674885	0.60808352296	0.608663058429	0.663479905954	0.800300267471	0.84949525944	0.659322445068	0.69009106281	0.795056667725	0.773977396611	0.482143812518	0.535252804886	0.546493307217	0.724014551864	0.751870847985	0.643545244637	0.650096901688	0.559141703438	0.592888518499	0.581929269997	0.693814210977	0.623659788379	0.637404320466	0.627318879152	0.602616862489	0.618723639726	0.677748480739	0.610140961147	0.550073842726	0.602683652106	0.615605345153	0.956713483394	0.627046606385	0.429369209547	0.398367224837	0.640366384932	0.454261072608	0.507121132292	0.460058473297	0.56245100472	0.959839703667	0.529980681851	0.643309532044	0.600003049925	0.666103046645	0.407748073362	0.638839862956	0.659555889469	0.600137392979	0.335994262514	0.354534297039	0.623205864792	0.48961515021	0.560121549437	0.619355061204	0.645006330166	0.588620446403	0.691764036701	0.727954961539	0.719051227484	0.664902978406	0.601464306029	0.729221374859	0.615522862629	0.653333509331	0.653142354117	0.608374412801	0.672700608178	0.447975451482	0.667979660299	0.7850590015	0.586613736229	0.697466976974	0.635824080232	0.728126035486	0.685285144109
134	0.464490268503	0.606401363636	0.463611591553	0.0	0.553789806071	0.589626962971	0.745001453837	0.737033668727	0.709948335257	0.626234842759	0.611864052187	0.637644132449	0.583158046371	0.707176883018	0.957870953157	0.57355324063	0.593551870417	0.607282978585	0.526237015964	0.603465670197	0.672105687782	0.662740656251	0.79285992849	0.540053018343	0.823508706384	0.575658397294	0.55301177224	0.40836323269	0.581460987442	0.6374271985	0.624546281841	0.662793676563	0.540774480188	0.484281499325	0.572941408674	0.652259710785	0.617217194966	0.616390870214	0.680791471524	0.618867030648	0.610075785116	0.697102149909	0.784097545016	0.841817760283	0.641283681757	0.709249772406	0.731557772165	0.743905407961	0.548210878156	0.496700607228	0.579470214514	0.670989496867	0.687085910144	0.578300204878	0.554961500162	0.528194450788	0.582206588161	0.508726900597	0.686103344627	0.65433543163	0.689575028924	0.591285264854	0.575540070699	0.615109469988	0.62599127143	0.533844822691	0.45077329758	0.475288782439	0.520072988706	0.9592526681	0.590057445007	0.394703778641	0.406204251695	0.653195427439	0.41635673346	0.481545444025	0.406173030173	0.557255597519	0.949140641491	0.427496040737	0.553106665721	0.575858167356	0.560195116922	0.431309105646	0.636886024389	0.681707861971	0.587540896175	0.381146918436	0.414762773258	0.517177656836	0.423821332586	0.566626089858	0.621246043526	0.654186533663	0.593739119129	0.661795042115	0.622324341165	0.656545058794	0.693767110992	0.581679398484	0.742034083003	0.630472860959	0.63259536944	0.558591566064	0.658491379513	0.701544065345	0.336112690615	0.64507761553	0.754168257673	0.559411405801	0.646623644991	0.617563288594	0.689539134003	0.688770200954
137	0.726623180979	0.817835517904	0.671797301231	0.553789806071	0.0	0.682369030311	0.785585591887	0.76486648958	0.74207102205	0.671927438918	0.603641689505	0.677405626137	0.645459714317	0.702921763162	0.957597989742	0.517292278137	0.593808718104	0.589613664279	0.418912660542	0.586341840144	0.708119124274	0.72889170961	0.888680719964	0.508952901892	0.798752113184	0.597469058809	0.641350115265	0.579633625754	0.619708128855	0.643023834374	0.658440075708	0.687790297045	0.580491143594	0.557714973645	0.547526164992	0.586328043451	0.663852854909	0.658536556458	0.71494358441	0.707383514314	0.651749212184	0.718019067026	0.784863787638	0.863762299136	0.661365738854	0.72382863368	0.759521877918	0.778686943301	0.760499288028	0.728135833946	0.62423247204	0.648616025973	0.612647214	0.534949140344	0.494781774339	0.566754713987	0.626241395288	0.700535231197	0.718208136548	0.708196664538	0.703524852023	0.589132255059	0.602667694937	0.651652892458	0.67584375867	0.533754921819	0.610171924607	0.538512664328	0.539861336344	0.954359040326	0.573483844502	0.595523486669	0.633569782896	0.687319595763	0.611401468508	0.674857648977	0.647061998248	0.727659842576	0.946703662469	0.667368222437	0.467137240226	0.537859945089	0.538418615242	0.698382106026	0.646017993409	0.667453104227	0.624929940074	0.618556542362	0.684982523366	0.471004730518	0.698254429061	0.568135515221	0.642668822347	0.689807449578	0.626579005707	0.685656114592	0.635414914564	0.68112618447	0.713304137346	0.638756424595	0.802902756782	0.662584351223	0.635113464484	0.633382972428	0.67714279798	0.685572428014	0.530941909612	0.687139567481	0.723148957575	0.640170282032	0.609502491222	0.616117442493	0.703460737574	0.694286816731
138	0.625482051431	0.627415545013	0.552979058539	0.589626962971	0.682369030311	0.0	0.813919371404	0.811809329452	0.723446123652	0.697727149546	0.630536392855	0.687047983376	0.733737990785	0.70766661792	0.944037335195	0.754479355185	0.70033433794	0.650322302387	0.749194193863	0.682815402413	0.801876418562	0.76236655589	0.748183036783	0.672098161711	0.802417764414	0.689157184527	0.715735135155	0.581951050072	0.721467984205	0.722007099416	0.660315944549	0.741084995553	0.694888567169	0.692060290493	0.694025632968	0.697125959054	0.723118022275	0.778504534194	0.714441954841	0.696748593907	0.729425553766	0.738109867281	0.751376023922	0.812096634625	0.735341086532	0.730026238404	0.785247191433	0.806413295002	0.657935135211	0.585330297414	0.702028852715	0.756226062208	0.773158161622	0.72902412699	0.735660011351	0.696959435392	0.711254836246	0.631068738362	0.744798434915	0.741924847881	0.771374154558	0.716679509497	0.729089433548	0.750347722665	0.728433034552	0.707830835439	0.591213557529	0.724186831645	0.742855181695	0.949179257731	0.661820042043	0.557448709648	0.524074699496	0.714202597731	0.562274304126	0.634913367138	0.543854739435	0.571026748605	0.946871773714	0.623914776399	0.705892696605	0.705627240689	0.740715160141	0.524843742059	0.743514702396	0.720029633776	0.746136721741	0.519165561467	0.580751924697	0.735510639637	0.616438472758	0.629273316912	0.732906195095	0.740787549242	0.70715540061	0.756027366916	0.758494405277	0.755202784435	0.72865073335	0.711772458207	0.769607642597	0.727066037084	0.715667319175	0.729405257262	0.707058661365	0.746386997037	0.605853145897	0.793547895138	0.702418517189	0.695834331644	0.760247635502	0.717832230876	0.803379928964	0.739622423706
155	0.753195987587	0.808808757411	0.728207377039	0.745001453837	0.785585591887	0.813919371404	0.0	0.258124579405	0.747809264495	0.689079038495	0.693974013251	0.669695381985	0.749990435089	0.816860415631	0.961885747585	0.783511892059	0.736624303559	0.705390712387	0.740944714775	0.701464308303	0.304889096587	0.760077123917	0.929783172768	0.73714994689	0.363174886618	0.670934409873	0.710265607747	0.734298853972	0.72490693833	0.703553277543	0.705113242736	0.764473981564	0.718563209972	0.70091219099	0.687458764354	0.741073231406	0.714186400157	0.75978896259	0.717932215919	0.550310515423	0.688474140526	0.74609825182	0.830718905796	0.885983562661	0.713326978622	0.740157270174	0.471775006061	0.547110062168	0.761775104504	0.738720022351	0.718295411697	0.800638068958	0.80790954921	0.763542672819	0.77486466734	0.701443793432	0.672107197065	0.807871854175	0.748552728258	0.674450661404	0.689465555471	0.730331652352	0.720414233309	0.712406641177	0.724214176973	0.74742946063	0.780872850165	0.740090729243	0.712113516985	0.960755359021	0.749069353317	0.749134593153	0.748287603858	0.679083647872	0.761759052129	0.76288902014	0.733220650468	0.802455455711	0.948914164073	0.747517005364	0.753556981205	0.707918094673	0.761671566962	0.749360154052	0.721260869106	0.773908749954	0.711527768125	0.720265087643	0.743169188345	0.725745390335	0.785595841012	0.694777806388	0.767144189002	0.7215898646	0.725772806818	0.715847188454	0.763125438572	0.788015746003	0.727767172485	0.681949533337	0.789108612153	0.734586866783	0.751989399241	0.721945169184	0.711628554423	0.764852495577	0.750647612867	0.711317373498	0.844551339213	0.676817543368	0.754319634283	0.686628226825	0.304734396346	0.274521796466
156	0.722792358856	0.827821658176	0.746356366355	0.737033668727	0.76486648958	0.811809329452	0.258124579405	0.0	0.761879370626	0.71498502841	0.736203175907	0.67860382269	0.730375192577	0.814444615002	0.964010019111	0.758308114049	0.701021445059	0.697394212061	0.728392528716	0.702039711533	0.349978936343	0.765289033621	0.895550943923	0.723498572909	0.376043240143	0.65975629271	0.697843144656	0.691430031623	0.700401514806	0.65409985777	0.686659871208	0.737385980284	0.736115526765	0.697419784867	0.693303688005	0.735733802738	0.709166388808	0.744114198008	0.683902985029	0.524261262476	0.726518018174	0.727565898098	0.815469350498	0.86739701773	0.704764977893	0.732849680543	0.473317833479	0.511270446301	0.76867560246	0.743776925945	0.709079811932	0.769488471194	0.794068279917	0.734520956132	0.75984910479	0.717302905206	0.674539787637	0.760128058906	0.679578351503	0.689725612556	0.709360074595	0.710595092838	0.705046947286	0.694396934818	0.726218460725	0.726433280625	0.784478138053	0.703264692495	0.687275521082	0.964224602581	0.745599382148	0.702849442315	0.766533349887	0.724843668152	0.759493602567	0.765235362123	0.727064567738	0.797571518236	0.955906951094	0.727049189885	0.766490186768	0.698469944959	0.764515775965	0.746648712409	0.702002557629	0.761333261125	0.694237944475	0.719309411467	0.746257785488	0.71337143602	0.785253518455	0.691874774638	0.740995595129	0.713399712716	0.675957879083	0.700691716648	0.733895414796	0.739628777233	0.73998902744	0.71399964936	0.782719490135	0.739908558068	0.73180611132	0.71879996766	0.733162528949	0.767004576728	0.734043865725	0.692633730261	0.827778161913	0.665282515279	0.761070102226	0.666384394731	0.328024515074	0.303385877227
161	0.716955543434	0.768980014102	0.702635568521	0.709948335257	0.74207102205	0.723446123652	0.747809264495	0.761879370626	0.0	0.484106784885	0.58351485571	0.573306795536	0.639758817539	0.647137536489	0.915827925549	0.716370622684	0.691337497473	0.548461659211	0.732123302241	0.64263696845	0.754081337418	0.735575549925	0.861494041771	0.725569425116	0.74209860234	0.585338171425	0.655260473738	0.693793518849	0.691400694169	0.608516394298	0.543128479413	0.708602554512	0.676988731796	0.670149720874	0.672855841103	0.724465559746	0.526845211114	0.618802306187	0.608330946954	0.789950511991	0.60078282884	0.634252974983	0.739421084434	0.796576029536	0.619571223864	0.555114548026	0.765571513964	0.787822625178	0.73067486949	0.671182596469	0.699781404444	0.755573366208	0.809040855207	0.783858810533	0.760662343926	0.665917647458	0.587024867297	0.753436802726	0.617203338196	0.503848313485	0.59748609832	0.621317412934	0.678025412777	0.690928201126	0.548651839744	0.667291112114	0.789981314841	0.657753393752	0.703267971067	0.923445061316	0.684410114036	0.752279487082	0.698870935325	0.439461140033	0.72869575128	0.776376956724	0.722168512317	0.674011450408	0.92415645624	0.724584087259	0.696869963186	0.660728192788	0.752098455598	0.631191719318	0.602780211568	0.6838909343	0.639129076098	0.687876103119	0.684953665492	0.73670374208	0.729323578951	0.635436733008	0.679721348964	0.617156879654	0.700424693387	0.57571968322	0.625558806617	0.669580488312	0.585057800616	0.580032193908	0.634557141408	0.678075083593	0.699595494952	0.692642535707	0.551030839535	0.630198055718	0.756819755274	0.663861603968	0.686031295161	0.599225077181	0.632859479225	0.642611322336	0.722022446222	0.746331420993
162	0.632102324458	0.728031021425	0.580483606419	0.626234842759	0.671927438918	0.697727149546	0.689079038495	0.71498502841	0.484106784885	0.0	0.523278493534	0.443002022255	0.47426413832	0.673490542772	0.935795053991	0.673509256425	0.588564727476	0.457004321985	0.663967756732	0.511856582801	0.713515988203	0.595544391687	0.896133874729	0.629296961946	0.743532495377	0.457439462013	0.539810160786	0.632155608212	0.539366508819	0.528526182455	0.421522608971	0.631400098863	0.536406974715	0.523479338052	0.563187758703	0.618696373895	0.480037640497	0.58247349124	0.511476619892	0.739967847593	0.531974397856	0.536545412327	0.721545888225	0.823745976043	0.516830991615	0.500786535963	0.74914347731	0.739096464091	0.643963339246	0.593129020024	0.570096566374	0.692811292531	0.743838835605	0.704771549922	0.687010054089	0.554100937059	0.493511867947	0.707363284639	0.582292976773	0.498902349746	0.505351417129	0.616660222539	0.614083941753	0.558451896163	0.568041576268	0.639413708836	0.69336058799	0.537058910483	0.59987969051	0.926833379052	0.590205725714	0.66433083736	0.645815640288	0.475928268812	0.636349015421	0.699545604387	0.644605155914	0.612641826958	0.928438528766	0.682522788954	0.593040416629	0.579887481655	0.682093366445	0.587078465784	0.601997120073	0.564171173963	0.546475781493	0.57258687564	0.589226071058	0.636923623262	0.641846178442	0.481958289306	0.549282615918	0.487051623111	0.604522221126	0.626455592265	0.622996937286	0.6221099399	0.47770920004	0.454700054323	0.572329872954	0.576981107915	0.677246080941	0.61772989159	0.50225210668	0.616915507563	0.683211064662	0.568827260054	0.666521389328	0.445638805188	0.594102807716	0.500909496257	0.698512958761	0.69683065351
163	0.653274574643	0.726320666808	0.585073467984	0.611864052187	0.603641689505	0.630536392855	0.693974013251	0.736203175907	0.58351485571	0.523278493534	0.0	0.490291024456	0.556650176288	0.627916372253	0.942135663229	0.659636033377	0.558922881219	0.530211784529	0.583823568977	0.55086421461	0.719560560109	0.65372327759	0.909642727127	0.566550083396	0.776744752986	0.460668188934	0.556556206761	0.607102570335	0.563300694698	0.534235122995	0.480689107279	0.602931945397	0.581573629335	0.565776693087	0.472053022468	0.520186783719	0.548933115778	0.635271954821	0.530538579656	0.742868761745	0.532460420159	0.603779144331	0.713171679087	0.824485929073	0.505778016729	0.554284984024	0.77998524908	0.771605860505	0.69115873308	0.622000881824	0.56443012209	0.703028539145	0.738610702393	0.636575342074	0.648261166489	0.549398497264	0.528144123931	0.722523290411	0.58558553212	0.566569906943	0.571747764811	0.543730811002	0.527080629074	0.588041600164	0.634427208353	0.641346343717	0.667390564604	0.585276428762	0.604803873257	0.932982515698	0.590105822317	0.610039870681	0.544679884405	0.560591105349	0.588676328698	0.617567598014	0.570192164945	0.663033338017	0.931167528147	0.681191961922	0.618760223203	0.523508816297	0.634839565501	0.59059400841	0.547085656774	0.601995896755	0.542889772554	0.544380536451	0.627401792693	0.609083327341	0.660611994837	0.50611213195	0.574036009504	0.552536009578	0.568243623606	0.614368767662	0.685916106214	0.63238969811	0.576839658796	0.52564762442	0.63968578896	0.435012447287	0.468122057774	0.569597650848	0.540781401694	0.62669794221	0.629258766947	0.635773692888	0.620942888646	0.483536848278	0.550043891085	0.501018554036	0.717477655627	0.673148349964
164	0.516925300826	0.640652837402	0.621131858259	0.637644132449	0.677405626137	0.687047983376	0.669695381985	0.67860382269	0.573306795536	0.443002022255	0.490291024456	0.0	0.515453416289	0.618829164121	0.937097521336	0.613637522891	0.549522818841	0.431414135959	0.616201050228	0.467161976086	0.732618349724	0.614966893491	0.887339519024	0.591768472469	0.75816825526	0.405712777382	0.556245980813	0.588976471376	0.545178757542	0.461063722308	0.39293138714	0.568292722727	0.576101883474	0.535923052795	0.513095932129	0.549957302534	0.470795875218	0.522747009258	0.380655953476	0.74181081525	0.507543926739	0.521134530308	0.693657443926	0.809204954374	0.402738161955	0.575694454755	0.688199723507	0.742591344955	0.613968137179	0.5493114143	0.570983418448	0.651045341994	0.703189507978	0.653807534647	0.683385344219	0.538105884747	0.461619299245	0.652355038549	0.475511613079	0.504089328213	0.519318526511	0.621871336708	0.599555099879	0.468419765339	0.55747389221	0.630363042374	0.643514637056	0.561715957493	0.516182118278	0.929986245605	0.633359101295	0.612272778085	0.663919537412	0.484751702991	0.617609313482	0.689868376257	0.577268722656	0.615729756754	0.911134756649	0.629372247989	0.583760413715	0.507855194606	0.640808076498	0.563199393251	0.51358437077	0.615930342384	0.54130280232	0.604023495227	0.608950359514	0.538279864586	0.636761540889	0.488951514181	0.593493852592	0.476600980467	0.501979454948	0.56647820871	0.562964356466	0.50218077491	0.509600296016	0.410682006801	0.516437761959	0.565278285214	0.552031216571	0.512787268611	0.557169838626	0.634676823087	0.619170247842	0.534478790998	0.631941585139	0.448310908616	0.568392921348	0.394723846065	0.680238928206	0.688806824229
165	0.674771611569	0.718916970144	0.622314747326	0.583158046371	0.645459714317	0.733737990785	0.749990435089	0.730375192577	0.639758817539	0.47426413832	0.556650176288	0.515453416289	0.0	0.63898721688	0.930434653669	0.600296592231	0.564870580596	0.57574710578	0.623057441277	0.561130697796	0.731154963977	0.653855617801	0.888686817331	0.621677907806	0.797562321288	0.526599527628	0.553803098672	0.630313749136	0.583554453143	0.592040398437	0.42554975722	0.629885624777	0.607304411118	0.530307249524	0.616764674955	0.595873720234	0.527942541485	0.607679727573	0.509186123232	0.737468296473	0.503306201717	0.468129001586	0.749990803534	0.823674899801	0.558074648254	0.576463054624	0.735478047811	0.771952595546	0.637857082969	0.683277754015	0.618177271153	0.673710676296	0.745226428758	0.66777088989	0.643607771674	0.578420617438	0.495673475162	0.633473137305	0.500780883638	0.598107103167	0.541389077638	0.598669127364	0.581690040299	0.541779842187	0.665202206052	0.63425735868	0.686541480017	0.489664078698	0.586548366554	0.93312994105	0.632088202363	0.656952538491	0.619448352665	0.558078363972	0.637322798968	0.701573659935	0.644130565175	0.614140265993	0.916960034037	0.617965572455	0.622125287472	0.594535669263	0.6545939029	0.626724822455	0.621453106469	0.637620512503	0.466119160816	0.579323108217	0.617190474067	0.570909287831	0.610377261885	0.5264555771	0.562799669335	0.625798576479	0.573783707253	0.621404268873	0.601536898193	0.569417366506	0.510228393282	0.525508688555	0.610737769669	0.593632051177	0.598065950942	0.587207213101	0.610771440332	0.697795108123	0.627023138289	0.537777485645	0.640663107111	0.494960962589	0.575072224413	0.571472412646	0.700428237498	0.714191044037
167	0.728916959065	0.797479194956	0.729763688864	0.707176883018	0.702921763162	0.70766661792	0.816860415631	0.814444615002	0.647137536489	0.673490542772	0.627916372253	0.618829164121	0.63898721688	0.0	0.927871692643	0.689356702909	0.687454317988	0.678477478168	0.670925946135	0.719412364933	0.78604991164	0.706233233427	0.852344398975	0.693007905339	0.726510705257	0.67434752073	0.723832650296	0.719461908626	0.708099266146	0.709739626177	0.62511443987	0.675562917966	0.663305457706	0.679938295898	0.684102553675	0.695053761204	0.605037612631	0.665116257811	0.643308209349	0.81175502429	0.697990192972	0.711994508426	0.70436347164	0.822223345947	0.630230007675	0.642446995514	0.802194563751	0.848442304732	0.780622394271	0.690165992041	0.745798333826	0.799439611588	0.79139192052	0.775948981156	0.757656209261	0.715931016743	0.69819124055	0.758407436929	0.663745638428	0.711853485026	0.691535284325	0.738097897632	0.74861086885	0.69946709872	0.730897674586	0.720742647834	0.749653143732	0.657713339857	0.631254842623	0.924478298366	0.693571539752	0.733833006714	0.750587645056	0.678676168898	0.726259875161	0.753688757934	0.748253164619	0.742034315348	0.9239462426	0.743360034232	0.686743276893	0.660672923043	0.736197771413	0.702352330694	0.713375561863	0.734730846705	0.69738540982	0.743596857119	0.740208840664	0.704843075665	0.750889266448	0.699281021507	0.688395463634	0.60581562171	0.675446559501	0.714741205411	0.718539989947	0.671005921686	0.721954960092	0.599332482936	0.710535527362	0.656044738503	0.661843589395	0.720894331052	0.702792744613	0.695536835644	0.733811320246	0.707588630833	0.685656571415	0.683639906931	0.610622161963	0.688409835001	0.793392117572	0.796091427024
168.1	0.965070275291	0.934791993773	0.968264675583	0.957870953157	0.957597989742	0.944037335195	0.961885747585	0.964010019111	0.915827925549	0.935795053991	0.942135663229	0.937097521336	0.930434653669	0.927871692643	0.0	0.916251754515	0.944768571845	0.941630754887	0.954801622745	0.956190276837	0.964560495156	0.948054914005	0.944337285774	0.962447931215	0.940072693363	0.947386629324	0.946978688309	0.952374385375	0.951469549185	0.938394771321	0.925360505307	0.95037666638	0.958740005117	0.962572461665	0.954140295521	0.94425774826	0.920871465673	0.932049358958	0.926767441295	0.975172800488	0.924899288522	0.926302412718	0.893644881813	0.875832362581	0.933333532642	0.915639950676	0.962593690202	0.973925209375	0.95861534754	0.950439496052	0.961599164806	0.965644635824	0.969306313908	0.966260721432	0.966347565201	0.959781222736	0.949760857478	0.943771029464	0.918821085399	0.94465274821	0.932985635167	0.948040667974	0.943772969015	0.938256575111	0.935052119676	0.963349060856	0.962239474134	0.949456039859	0.95599358718	0.864525179486	0.95543662811	0.96007781938	0.955780480656	0.938834036458	0.966058564667	0.955468444598	0.966096072597	0.946408663873	0.804052269127	0.953643535762	0.964384987029	0.948852121288	0.956837163358	0.957724427029	0.942510363731	0.951898152864	0.930115350638	0.954526891664	0.95221702368	0.961084684842	0.949422859815	0.948769200479	0.936979885246	0.93921574324	0.948801675073	0.934840273828	0.95084944524	0.947410924615	0.939261338086	0.950626110429	0.942568687485	0.949746057283	0.937695565754	0.948488445478	0.94804104023	0.949502169502	0.964013599159	0.92531618944	0.895152944965	0.947504067511	0.939509758358	0.94809507518	0.961623769276	0.965317801469
169.1	0.705399746992	0.797808580848	0.689326295968	0.57355324063	0.517292278137	0.754479355185	0.783511892059	0.758308114049	0.716370622684	0.673509256425	0.659636033377	0.613637522891	0.600296592231	0.689356702909	0.916251754515	0.0	0.642961738756	0.574236214312	0.528208401345	0.56843770775	0.70929304248	0.742565588254	0.884195059067	0.59784937101	0.812702077172	0.614680955779	0.685354341686	0.566593357738	0.649681103991	0.616855523236	0.59482739404	0.711658057502	0.605465401638	0.566622259514	0.551802257785	0.60506422221	0.599404314904	0.525605411461	0.661431093869	0.752836076607	0.643457120929	0.670558417894	0.706000900589	0.826021580323	0.661396326421	0.736993682272	0.719393045868	0.802195779569	0.75500529931	0.722891991585	0.669261897247	0.678366489584	0.682607968991	0.64842843004	0.631742773646	0.52069876629	0.609206622615	0.662253618699	0.674167049773	0.67918430995	0.680952473101	0.68276716025	0.632005861496	0.609244834597	0.639894349802	0.577600165217	0.660091263955	0.575363209731	0.484131701153	0.947243526024	0.646796838526	0.635751693953	0.69070772553	0.657187738428	0.647155665874	0.697017279069	0.647264730657	0.754507106848	0.93338837199	0.617872681583	0.590233924067	0.515697643297	0.620006795187	0.726496645815	0.650033828828	0.727937545574	0.613576606981	0.660013826127	0.69650101411	0.481017748926	0.699380449165	0.58677144141	0.649283919411	0.673586791331	0.585041270512	0.643256306536	0.630515021658	0.71081883979	0.713359400081	0.601590206287	0.802212421478	0.707353093552	0.687376020539	0.643113259379	0.720739066894	0.754820691455	0.571663387319	0.636181182647	0.68151528195	0.614406612739	0.635342864733	0.570345871975	0.723244832402	0.724766404106
170	0.640327840581	0.766554362527	0.592561728644	0.593551870417	0.593808718104	0.70033433794	0.736624303559	0.701021445059	0.691337497473	0.588564727476	0.558922881219	0.549522818841	0.564870580596	0.687454317988	0.944768571845	0.642961738756	0.0	0.603033790525	0.553213672305	0.611735510236	0.723234233219	0.60626864513	0.88660639055	0.47419326592	0.807072953749	0.499270871315	0.547125690277	0.633896614128	0.495108031205	0.549887063224	0.534871384082	0.643096406087	0.555451263524	0.504150110808	0.496569108363	0.537773550912	0.585430311077	0.638933266096	0.559600348938	0.702984321627	0.614412739006	0.637688507189	0.742003196598	0.841412555104	0.613767575094	0.643011564265	0.777488481857	0.738084373352	0.707623112901	0.659742196273	0.563694988294	0.745361105551	0.734796776771	0.606856112009	0.607325786984	0.539869430429	0.535794588365	0.681487939822	0.565951660152	0.646482656423	0.660225624463	0.53715240221	0.503338590645	0.541077373904	0.650844423126	0.576708815516	0.654167809608	0.52573030476	0.542675290932	0.946324636842	0.554504808054	0.530460478232	0.571744136041	0.607130479913	0.571042016005	0.656827203903	0.618127782865	0.723131330419	0.937168321322	0.632581507873	0.632012363731	0.552866245216	0.619328290882	0.641697329736	0.529742389657	0.666111619166	0.562353698512	0.546365669211	0.57729895694	0.60186568587	0.671944628775	0.509894767638	0.532449955985	0.622767059937	0.523298517904	0.605518853172	0.649103561437	0.619835250747	0.664705758573	0.578114523926	0.712191771729	0.578191706982	0.601775167397	0.626543990251	0.569667153817	0.623648013841	0.606435894058	0.633156921422	0.70327974713	0.48800761364	0.644079391994	0.538427612742	0.721729752618	0.672161092613
170.7	0.62875188027	0.709896920528	0.635611670099	0.607282978585	0.589613664279	0.650322302387	0.705390712387	0.697394212061	0.548461659211	0.457004321985	0.530211784529	0.431414135959	0.57574710578	0.678477478168	0.941630754887	0.574236214312	0.603033790525	0.0	0.60979191966	0.377806943571	0.722517058805	0.660182880232	0.869501106388	0.586624845701	0.76072860811	0.463501562706	0.556757186193	0.4930265061	0.59179419845	0.436419340105	0.498740022682	0.622743266269	0.556325588252	0.531814561882	0.49842727013	0.551893662844	0.504594055883	0.547866783121	0.572244689128	0.70034212994	0.521234277743	0.570106207256	0.719015017165	0.787395536102	0.495227816877	0.546931725442	0.695817537854	0.700143904904	0.647838723168	0.592714455346	0.584564665215	0.62122831642	0.685785003776	0.644362149975	0.637060958562	0.462564974038	0.466119417959	0.641286145871	0.551636590343	0.550635052174	0.599452615637	0.591140208968	0.599934607021	0.619892538008	0.583890797553	0.585093800848	0.668886765018	0.520424150947	0.586823887518	0.943212259177	0.556837556633	0.643365131802	0.627565853426	0.494253282373	0.631220191755	0.663822994151	0.589463254156	0.632997523622	0.927889901459	0.598752887099	0.583521052448	0.530650821665	0.60407224522	0.561477324546	0.586184578142	0.583758602333	0.562209740025	0.581801695478	0.615003742006	0.536840213839	0.620945960921	0.469788121781	0.610380881052	0.544071877968	0.547821319151	0.601193404757	0.563596049426	0.576004177356	0.541300061325	0.468118090188	0.661106428392	0.63387790068	0.613442875394	0.588933815781	0.579824516785	0.628407086977	0.633456507313	0.594662989155	0.632107364001	0.463086027824	0.537227602296	0.453706896726	0.645550035834	0.647276090013
171	0.688135954405	0.794139928048	0.668014152246	0.526237015964	0.418912660542	0.749194193863	0.740944714775	0.728392528716	0.732123302241	0.663967756732	0.583823568977	0.616201050228	0.623057441277	0.670925946135	0.954801622745	0.528208401345	0.553213672305	0.60979191966	0.0	0.597637992679	0.696662436584	0.653368274654	0.895904919753	0.494464569191	0.811733000243	0.577118637568	0.628653089708	0.560872445404	0.605133762369	0.620894476327	0.639267929955	0.645673459825	0.546113583805	0.514707406919	0.560366038625	0.649874841376	0.63337651329	0.638185467722	0.638050446245	0.722273431478	0.661620974445	0.702248234046	0.751473538707	0.85128279058	0.621243423974	0.695546178357	0.75007168334	0.778206927918	0.727659627798	0.637534507828	0.647744428444	0.659342815764	0.63032920432	0.539966893439	0.495631528991	0.535675071907	0.577831405508	0.710132706973	0.668956272241	0.69252285016	0.669342490284	0.617520515176	0.613862082776	0.653329981595	0.647718281573	0.517615428481	0.607621254105	0.516589944955	0.418913194574	0.95336265122	0.601525958251	0.597775396782	0.658587982609	0.660356834185	0.622611354394	0.659956593355	0.605834737358	0.736093360112	0.943409538435	0.622107206149	0.452537247447	0.48768822162	0.520232699367	0.673789142255	0.605924245613	0.710371796158	0.584105930047	0.599630475222	0.690984607093	0.398850180673	0.636138217274	0.597602408428	0.659437244756	0.655529652719	0.564239446435	0.653311369756	0.57095976612	0.655325657789	0.700005901185	0.619928111309	0.759096207466	0.603220806762	0.614789893166	0.564241092387	0.677516270048	0.715190762487	0.508417195285	0.661111232868	0.763477394578	0.582369005874	0.562112840071	0.591366449842	0.711798614371	0.708688318949
171.7	0.614467086297	0.730517279829	0.604035954022	0.603465670197	0.586341840144	0.682815402413	0.701464308303	0.702039711533	0.64263696845	0.511856582801	0.55086421461	0.467161976086	0.561130697796	0.719412364933	0.956190276837	0.56843770775	0.611735510236	0.377806943571	0.597637992679	0.0	0.691750909153	0.635189662299	0.881162024289	0.568498811741	0.798586100976	0.504620515496	0.561200286301	0.536182827353	0.572750988757	0.479682712749	0.482522307338	0.633871872836	0.581103140754	0.515358179082	0.488088950952	0.538067802434	0.550181452874	0.540139539661	0.5595972078	0.71362070673	0.54793663769	0.562044560594	0.738078361839	0.832224400567	0.542128451805	0.622520582093	0.701037678552	0.736573233693	0.635982143702	0.62459048314	0.532322535011	0.627064796952	0.673782748681	0.621911325233	0.622368993534	0.52295326198	0.505737414299	0.654553913353	0.604883950421	0.571036576694	0.573230163728	0.624764690458	0.598578723269	0.599802713887	0.627335278699	0.569250736335	0.656698146497	0.562548888069	0.55916177349	0.950652110806	0.600517554969	0.609011428668	0.612588392671	0.535628698261	0.610328889793	0.661086774094	0.579625013953	0.66787114498	0.93754788071	0.640285712113	0.590549965012	0.51308767806	0.637596871101	0.591568887189	0.585443577529	0.622059593451	0.536864227098	0.552453418469	0.605288017366	0.542853643159	0.62006759214	0.463094644546	0.589394359916	0.562723897828	0.586517166095	0.621018880956	0.605730995916	0.606231040194	0.55330651159	0.498490569108	0.706581690577	0.630030672516	0.620446078419	0.594884151301	0.585515443129	0.678098606462	0.617992175261	0.550150700668	0.67651412694	0.471199024247	0.624557972823	0.496362318045	0.652689974312	0.662303287645
172	0.734479543613	0.845345912592	0.707967881644	0.672105687782	0.708119124274	0.801876418562	0.304889096587	0.349978936343	0.754081337418	0.713515988203	0.719560560109	0.732618349724	0.731154963977	0.78604991164	0.964560495156	0.70929304248	0.723234233219	0.722517058805	0.696662436584	0.691750909153	0.0	0.761950575551	0.926152614946	0.692801078052	0.405404285427	0.669993612537	0.705323055779	0.708344834284	0.694505573096	0.723690483259	0.693312441295	0.730706254171	0.696151073984	0.64355655499	0.678347826753	0.723965299921	0.724534610964	0.705931912394	0.751380023968	0.525374711296	0.702573033023	0.739975297116	0.814185871343	0.900586856999	0.760843372659	0.767562808512	0.447741095659	0.551518081517	0.786623328927	0.766959227173	0.697534920577	0.761948650275	0.767789049499	0.714295980099	0.712198925949	0.679705776413	0.725513777491	0.752929938929	0.759163548048	0.726967904019	0.750450500534	0.719468721454	0.697052416531	0.706415863017	0.726564914634	0.668427560958	0.755082317828	0.693742059998	0.666048167075	0.964642041082	0.750172021091	0.689133764184	0.702562101455	0.70582833514	0.718801242595	0.760021205355	0.700004967488	0.806148499586	0.959232676531	0.725605838932	0.702977575994	0.663314066344	0.728165135822	0.716478109165	0.727819497941	0.769181606629	0.705238876966	0.682901057638	0.693599409484	0.66620548542	0.746284697266	0.669336347565	0.680038028857	0.739626299292	0.726409577512	0.718481818452	0.745500357539	0.78006064298	0.748154437152	0.697588555411	0.819213129981	0.743779214748	0.73974216236	0.737251778696	0.73108180427	0.763080199127	0.694163240885	0.697348302215	0.796909281422	0.687324818234	0.778102808999	0.718143220138	0.312737465835	0.270464803939
172.1	0.695052645457	0.810710916826	0.662510034878	0.662740656251	0.72889170961	0.76236655589	0.760077123917	0.765289033621	0.735575549925	0.595544391687	0.65372327759	0.614966893491	0.653855617801	0.706233233427	0.948054914005	0.742565588254	0.60626864513	0.660182880232	0.653368274654	0.635189662299	0.761950575551	0.0	0.868360139608	0.614548059888	0.802638943586	0.575341851076	0.601226235217	0.674850289725	0.544867271753	0.640501414847	0.619093254101	0.694118050943	0.608608196886	0.614475740706	0.610212723518	0.693169300308	0.637063025611	0.683587570224	0.616245549096	0.770841493804	0.678025662318	0.705520856184	0.737586042252	0.841517361228	0.669522986223	0.655051803526	0.814033549161	0.792369814491	0.763790877407	0.660829203204	0.482153976847	0.779660442561	0.787164594723	0.708124764577	0.700755298015	0.610245714362	0.657112437834	0.748473690066	0.689078278967	0.633297497882	0.674656895895	0.643391311409	0.621346378647	0.62141985377	0.703727056603	0.688228054645	0.709016344386	0.576174295695	0.613333361481	0.960172834314	0.619213188618	0.675639303382	0.68485498649	0.650149111555	0.690099374748	0.698368144461	0.671719142028	0.778118738754	0.93176467945	0.734993217998	0.674985869788	0.635278468816	0.711674357677	0.684575277826	0.635667580012	0.651569869136	0.615189408754	0.625523139344	0.660377743607	0.68278294533	0.689966008912	0.572722051867	0.58846271411	0.595482842675	0.632573881416	0.691832459417	0.713797953134	0.7207563715	0.699182245574	0.637865606295	0.710682036316	0.625846899057	0.670215048191	0.657413301257	0.592532983553	0.656794389747	0.686984275433	0.669696593979	0.790115395562	0.569766204951	0.659338568152	0.620083152581	0.765204205134	0.72157015518
173	0.792667711783	0.766382771015	0.805485395928	0.79285992849	0.888680719964	0.748183036783	0.929783172768	0.895550943923	0.861494041771	0.896133874729	0.909642727127	0.887339519024	0.888686817331	0.852344398975	0.944337285774	0.884195059067	0.88660639055	0.869501106388	0.895904919753	0.881162024289	0.926152614946	0.868360139608	0.0	0.896384047644	0.867387990065	0.87256030591	0.883795107883	0.770058957186	0.905791278565	0.87284926053	0.870141939402	0.932420679863	0.906413735076	0.907595035704	0.909679690229	0.899847353574	0.868511194768	0.897411059968	0.874479205222	0.828742555123	0.888784162127	0.906235088479	0.85894210528	0.754490846882	0.900690619302	0.895054226775	0.903545402471	0.906492742267	0.817402576423	0.773886143108	0.874538641836	0.903555238308	0.911969555814	0.909609917044	0.912760485481	0.885704396916	0.871483710745	0.769701849507	0.845156975261	0.901489132863	0.901023741192	0.863384991127	0.885462796027	0.875660346561	0.867950050321	0.900148105819	0.809016599943	0.885428542973	0.898027557254	0.955085714674	0.874257912426	0.799785372635	0.795414306675	0.891615975726	0.815877457978	0.807374301206	0.803200930425	0.738507965502	0.948002901236	0.762332005252	0.90119556281	0.885472535502	0.905574952575	0.781838170765	0.872267167999	0.895755692648	0.885980847595	0.77845921687	0.786309653923	0.912367321076	0.802316585901	0.884870180347	0.911776351547	0.897498177166	0.885517920327	0.873299387083	0.896147247069	0.907115390262	0.908926205104	0.930368396681	0.930644225724	0.915815205914	0.883334719387	0.904368546668	0.893651086953	0.875797454132	0.800887913553	0.886636256274	0.891079233877	0.889465572655	0.900477423942	0.871698435209	0.885846576327	0.908100264566
